ID 	Autumn temperature(℃)	Spring temperature(℃)	Summer temperature(℃)	Winter temperature(℃)	Autumn precipitation(mm)	Spring precipitation(mm)	Summer precipitation(mm)	Winter precipitation(mm) 	Autumn radiation(MJ/m2)	Spring radiation(MJ/m2)	Summer radiation(MJ/m2)	Winter radiation(MJ/m2)	Silt(%)	sand(%)	clay(%)	Aspect (°)	DEM(m)	Slope (°)	pH	SOM (g/kg)	SR(no per m2)
1	1,48686158657074	0,835040271282196	10,289379119873	-8,54442024230957	57,1107635498047	61,3913879394531	281,653686523438	2,31063842773438	1518,22412109375	1888,11047363281	1910,57800292969	1159,32763671875	24	63	13	6	4567	0,5626796	7,479	2,376	8
2	1,42927539348602	0,855552554130554	10,2268753051758	-8,60616970062256	62,4302215576172	72,3922348022461	303,296417236328	3,01909589767456	1506,22119140625	1846,44750976562	1893,11572265625	1145,32080078125	32	47	21	5	4601	1,0374498	6,558	8,022	12
3	1,25193226337433	0,666319787502289	10,0643873214722	-8,78425598144531	63,360279083252	71,8416442871094	304,825103759766	2,98789048194885	1505,13806152344	1844,61694335938	1892,51391601562	1144,765625	32	47	21	3	4597	1,7609677	6,558	17,56	20
4	0,883845269680023	0,22778956592083	9,72592735290527	-9,15490245819092	62,6647758483887	66,9694213867188	297,179534912109	2,59079456329346	1509,86401367188	1861,52062988281	1899,11889648438	1151,78466796875	32	47	21	5	4651	1,4409055	7,944	8,022	17
5	1,48686158657074	0,835040271282196	10,289379119873	-8,54442024230957	57,1107635498047	61,3913879394531	281,653686523438	2,31063842773438	1518,22412109375	1888,11047363281	1910,57800292969	1159,32763671875	24	63	13	6	4567	0,5626796	7,479	2,376	9
6	-0,841861486434937	-2,77288246154785	6,67470598220825	-12,2243852615356	95,0266494750977	80,927848815918	385,278625488281	6,04862594604492	1473,82495117188	1809,92749023438	1823,42358398438	1142,62182617188	32	47	21	6	4713	2,7659559	6,558	8,022	20
7	0,871291816234589	-0,372238636016846	9,80412197113037	-8,69633293151855	114,731544494629	62,5029029846191	301,507049560547	5,70886898040771	1483,48852539062	1899,20910644531	1853,11584472656	1189,50622558594	24	63	13	7	4569	0,1125394	7,479	2,376	10
8	1,61666667461395	-0,303333342075348	9,60666656494141	-7,17333364486694	135,599990844727	96,7299957275391	348,309997558594	5,30999994277954	1448,63000488281	1789,48999023438	1799,13989257812	1195,4599609375	24	63	13	4	4575	0,656184	7,479	2,376	14
9	0,871291816234589	-0,372238636016846	9,80412197113037	-8,69633293151855	114,731544494629	62,5029029846191	301,507049560547	5,70886898040771	1483,48852539062	1899,20910644531	1853,11584472656	1189,50622558594	24	63	13	7	4569	0,1125394	7,479	2,376	9
10	1,12402594089508	0,562007427215576	10,4412899017334	-8,04593849182129	60,9587173461914	79,7046890258789	317,768249511719	19,7371730804443	1500,17102050781	1770,25903320312	1900,31274414062	1210,337890625	32	47	21	4	4527	3,5293424	6,558	8,022	12
11	1,12402594089508	0,562007427215576	10,4412899017334	-8,04593849182129	60,9587173461914	79,7046890258789	317,768249511719	19,7371730804443	1500,17102050781	1770,25903320312	1900,31274414062	1210,337890625	32	47	21	4	4527	3,5293424	6,558	8,022	12
12	0,883845269680023	0,22778956592083	9,72592735290527	-9,15490245819092	62,6647758483887	66,9694213867188	297,179534912109	2,59079456329346	1509,86401367188	1861,52062988281	1899,11889648438	1151,78466796875	32	47	21	5	4651	1,4409055	7,944	8,022	19
13	3,41000008583069	2,11999988555908	10,9633331298828	-7,42666673660278	52,4900016784668	83,8899993896484	347,070007324219	7,63000011444092	1534,01000976562	1753,35009765625	1802,90002441406	1186,52001953125	32	47	21	5	4463	3,1996014	7,314	3,779	16
14	2,27407479286194	1,76898527145386	10,9104843139648	-7,74094915390015	57,9446487426758	75,7196273803711	297,280517578125	3,29964876174927	1518,69848632812	1862,26049804688	1896,15405273438	1157,03662109375	32	47	21	7	4563	4,7702227	6,558	8,022	21
15	1,81715595722198	1,34869575500488	11,0104141235352	-7,3205041885376	64,8127136230469	80,6653289794922	323,269012451172	20,0011501312256	1493,66418457031	1759,70825195312	1885,50671386719	1208,49060058594	32	47	21	5	4463	3,1996014	7,314	3,779	15
16	-0,319995433092117	0,446181148290634	9,93224048614502	-7,71967935562134	140,143661499023	66,414176940918	301,656158447266	3,10352754592896	1414,50415039062	1812,54418945312	1940,22607421875	1184,76538085938	24	63	13	7	4569	0,1125394	7,479	2,376	15
17	-0,402513593435287	-0,996425747871399	8,7660436630249	-10,533637046814	77,2002716064453	54,4265937805176	309,78076171875	2,16242289543152	1480,57666015625	1829,98413085938	1892,09692382812	1124,658203125	32	47	21	7	4678	2,0123405	6,558	8,022	27
18	1,81715595722198	1,34869575500488	11,0104141235352	-7,3205041885376	64,8127136230469	80,6653289794922	323,269012451172	20,0011501312256	1493,66418457031	1759,70825195312	1885,50671386719	1208,49060058594	32	47	21	5	4463	3,1996014	7,314	3,779	13
19	-1,65841209888458	-0,915463924407959	8,81664848327637	-9,21038818359375	122,364776611328	84,0632400512695	320,054016113281	2,5517566204071	1382,55908203125	1770,63696289062	1923,95080566406	1156,17041015625	19	66	15	6	4603	0,9002422	8,147	1,829	22
20	1,73822748661041	1,25726425647736	10,9506826400757	-7,40502595901489	63,4434089660645	79,8757247924805	321,454467773438	19,8761463165283	1496,77844238281	1764,0498046875	1889,92822265625	1209,52294921875	28	45	27	3	4505	7,5636277	7,314	3,779	8
21	0,986164212226868	-0,190275743603706	9,9751443862915	-8,59355735778809	121,259742736816	69,1741714477539	307,58984375	6,19093561172485	1473,2265625	1885,28076171875	1848,4970703125	1181,18725585938	32	47	21	2	4573	2,4666598	6,874	9,54	10
22	2,33666658401489	0,653333306312561	10,2433338165283	-6,48000001907349	150,169998168945	108,980003356934	371,869995117188	7,34000015258789	1435,0400390625	1775,86999511719	1788,25	1193,23999023438	32	47	21	7	4563	4,7702227	6,558	8,022	17
23	-0,705046832561493	-1,33288252353668	8,44557666778564	-10,8277282714844	77,6706161499023	54,0432434082031	310,44189453125	2,13074827194214	1483,76245117188	1834,37524414062	1892,43420410156	1129,81164550781	32	47	21	6	4702	3,577215	6,558	8,022	20
24	3,41000008583069	2,11999988555908	10,9633331298828	-7,42666673660278	52,4900016784668	83,8899993896484	347,070007324219	7,63000011444092	1534,01000976562	1753,35009765625	1802,90002441406	1186,52001953125	32	47	21	5	4463	3,1996014	7,314	3,779	13
25	1,60348439216614	1,79291009902954	10,7556943893433	-7,03361034393311	143,801361083984	77,5849380493164	424,680603027344	5,77475261688232	1414,84301757812	1780,57202148438	1743,18823242188	1198,31481933594	32	47	21	5	4479	1,702531	6,558	3,779	11
26	0,395449995994568	-0,904989123344421	9,40034294128418	-9,25350761413574	127,142578125	72,1023788452148	315,277221679688	6,19963979721069	1466,81274414062	1877,2724609375	1842,16748046875	1178,94018554688	32	47	21	5	4629	0,9072469	7,944	7,83	14
27	1,61666667461395	-0,303333342075348	9,60666656494141	-7,17333364486694	135,599990844727	96,7299957275391	348,309997558594	5,30999994277954	1448,63000488281	1789,48999023438	1799,13989257812	1195,4599609375	24	63	13	6	4575	0,656184	7,479	2,376	15
28	1,34993731975555	-0,422771722078323	8,55001449584961	-9,68779563903809	97,6759643554688	73,238395690918	375,968627929688	6,99197435379028	1499,55297851562	1857,10375976562	1852,19384765625	1183,51049804688	24	63	13	6	4567	0,5626796	7,479	2,376	9
29	-1,06295418739319	-2,75624799728394	7,96962118148804	-11,2435073852539	135,52409362793	69,9775161743164	320,751037597656	6,10469818115234	1430,31762695312	1847,87036132812	1832,3505859375	1144,90454101562	32	47	21	6	4713	2,7659559	6,558	8,022	20
30	2,33666658401489	0,653333306312561	10,2433338165283	-6,48000001907349	150,169998168945	108,980003356934	371,869995117188	7,34000015258789	1435,0400390625	1775,86999511719	1788,25	1193,23999023438	32	47	21	7	4563	4,7702227	6,558	8,022	15
31	1,52588295936584	0,625134170055389	10,4913463592529	-7,80460262298584	121,707061767578	75,277458190918	314,093566894531	6,64395570755005	1483,00146484375	1887,8203125	1843,67919921875	1191,65637207031	32	47	21	3	4562	1,6611608	6,558	8,022	14
32	1,4861775636673	0,580710053443909	10,4512004852295	-7,84243631362915	122,106880187988	75,5848693847656	314,817901611328	6,64830732345581	1482,96997070312	1887,49035644531	1843,02136230469	1191,99645996094	32	47	21	7	4563	4,7702227	6,558	8,022	9
33	0,851551175117493	-0,354682922363281	9,83549022674561	-8,73205947875977	121,654022216797	69,0955123901367	308,717620849609	6,13183498382568	1473,9521484375	1885,89685058594	1847,62573242188	1182,73376464844	32	47	21	5	4621	3,3816195	6,874	9,54	15
34	-2,04200601577759	-2,20155143737793	7,68517589569092	-11,0827693939209	128,511962890625	47,4798126220703	398,108215332031	5,27697277069092	1408,78076171875	1819,60595703125	1804,24145507812	1179,72058105469	32	47	21	6	4713	2,7659559	6,558	8,022	20
35	1,73822748661041	1,25726425647736	10,9506826400757	-7,40502595901489	63,4434089660645	79,8757247924805	321,454467773438	19,8761463165283	1496,77844238281	1764,0498046875	1889,92822265625	1209,52294921875	28	45	27	3	4505	7,5636277	7,314	3,779	14
36	1,90824508666992	0,317556709051132	9,09732246398926	-8,9491491317749	106,166931152344	81,2990570068359	382,958465576172	8,48972415924072	1496,47021484375	1849,53857421875	1846,21069335938	1189,001953125	32	47	21	10	4572	7,7811947	6,558	8,022	9
37	1,38239455223083	-0,362070113420486	8,62684345245361	-9,68145561218262	101,028869628906	77,0896453857422	379,830200195312	7,59066534042358	1492,96166992188	1846,57202148438	1845,58142089844	1176,97241210938	32	47	21	5	4621	3,3816195	6,874	9,54	12
38	2,00999999046326	0,390000104904175	9,78999996185303	-9,19999980926514	42,5100021362305	77,0400009155273	333,029998779297	6,92000007629395	1544,10998535156	1763,97998046875	1830,669921875	1185,47998046875	32	47	21	5	4601	1,0374498	6,558	8,022	11
39	2,76666641235352	1,28333342075348	10,3166666030884	-8,20666694641113	46,1000022888184	79,5599975585938	343,099975585938	7,07999992370605	1546,05004882812	1766,01000976562	1810,63000488281	1194,78002929688	32	47	21	7	4563	4,7702227	6,558	8,022	13
40	1,56666660308838	-0,260000020265579	9,61999988555908	-7,36666679382324	149,389999389648	112,410003662109	365,75	7,96000003814697	1433,05004882812	1770,2900390625	1799,77001953125	1183,919921875	32	47	21	5	4601	1,0374498	6,558	8,022	9
41	1,03999996185303	-0,933333337306976	9,09666633605957	-7,8899998664856	144,490005493164	108,080001831055	358,720001220703	6,98999977111816	1443,26000976562	1778,9599609375	1802,5400390625	1189,61999511719	32	47	21	5	4651	1,4409055	7,944	8,022	12
42	2,76666641235352	1,28333342075348	10,3166666030884	-8,20666694641113	46,1000022888184	79,5599975585938	343,099975585938	7,07999992370605	1546,05004882812	1766,01000976562	1810,63000488281	1194,78002929688	32	47	21	7	4563	4,7702227	6,558	8,022	17
43	0,261259466409683	-1,07272553443909	9,25674629211426	-9,3920202255249	126,91552734375	71,4062347412109	315,740234375	6,09844827651978	1468,39331054688	1879,14453125	1841,81396484375	1181,169921875	32	47	21	5	4651	1,4409055	7,944	8,022	15
44	1,61143410205841	1,80208921432495	10,7700281143188	-7,03080224990845	143,850402832031	77,4808654785156	424,046936035156	5,79946517944336	1414,17175292969	1780,15441894531	1743,65686035156	1197,50341796875	32	47	21	5	4463	3,1996014	7,314	3,779	10
45	3,02333331108093	1,54666662216187	10,9033327102661	-5,8100004196167	156,720001220703	112,790000915527	378,630004882812	8,19000053405762	1424,51000976562	1766,63000488281	1781,18994140625	1187,60998535156	32	47	21	5	4463	3,1996014	7,314	3,779	16
46	1,49999988079071	-0,239999994635582	9,27000045776367	-9,81333351135254	37,2799987792969	74,0299987792969	329,309997558594	6,53000020980835	1554,71997070312	1777,5400390625	1835,2099609375	1193,22998046875	32	47	21	5	4651	1,4409055	7,944	8,022	15
47	-1,94719803333282	-2,50792407989502	8,21819686889648	-11,3017673492432	60,8282775878906	88,8700714111328	305,59033203125	17,3749389648438	1459,97131347656	1750,82592773438	1946,87573242188	1169,23046875	32	47	21	6	4713	2,7659559	6,558	8,022	22
48	0,115262649953365	-1,7207750082016	7,6060585975647	-11,302116394043	93,099609375	74,244758605957	373,772583007812	5,8445839881897	1473,45153808594	1821,94299316406	1829,97509765625	1142,94006347656	31	41	28	9	4598	0,2516444	6,75	5,548	19
49	-0,754962563514709	-1,36004936695099	9,19994449615479	-10,0574960708618	66,9453811645508	91,0655059814453	321,008087158203	19,0208301544189	1446,275390625	1726,35412597656	1919,95825195312	1164,31726074219	32	47	21	8	4622	3,0872388	6,558	8,022	22
50	2,00999999046326	0,390000104904175	9,78999996185303	-9,19999980926514	42,5100021362305	77,0400009155273	333,029998779297	6,92000007629395	1544,10998535156	1763,97998046875	1830,669921875	1185,47998046875	32	47	21	5	4601	1,0374498	6,558	8,022	9
51	3,02333331108093	1,54666662216187	10,9033327102661	-5,8100004196167	156,720001220703	112,790000915527	378,630004882812	8,19000053405762	1424,51000976562	1766,63000488281	1781,18994140625	1187,60998535156	32	47	21	5	4463	3,1996014	7,314	3,779	13
52	-0,446666657924652	-2,53999996185303	7,88666677474976	-9,68000030517578	138,449996948242	106,610000610352	344,149993896484	7,17000007629395	1448,18994140625	1778,56005859375	1831,97998046875	1172,68994140625	32	47	21	6	4713	2,7659559	6,558	8,022	15
53	0,003333290340379	-1,8199999332428	8,30999946594238	-11,7300004959106	32,2599983215332	69,3899993896484	304,220001220703	5,65000009536743	1553,39990234375	1786,5400390625	1896,15991210938	1174,78002929688	32	47	21	6	4702	3,577215	6,558	8,022	28
54	-1,04809999465942	-2,73959636688232	7,9835319519043	-11,2306137084961	135,234664916992	69,7224502563477	320,218139648438	6,08880615234375	1430,44323730469	1848,25183105469	1832,58813476562	1144,947265625	32	47	21	6	4702	3,577215	6,558	8,022	21
55	1,03999996185303	-0,933333337306976	9,09666633605957	-7,8899998664856	144,490005493164	108,080001831055	358,720001220703	6,98999977111816	1443,26000976562	1778,9599609375	1802,5400390625	1189,61999511719	32	47	21	5	4651	1,4409055	7,944	8,022	12
56	-1,93443262577057	-2,48884797096252	8,23326778411865	-11,2904806137085	60,7227020263672	88,7628173828125	305,230590820312	17,3407516479492	1460,27038574219	1751,41723632812	1947,23486328125	1169,15942382812	32	47	21	6	4702	3,577215	6,558	8,022	25
57	1,63666653633118	-0,073333345353603	9,41666698455811	-9,67000007629395	37,7299995422363	74,2900009155273	328,970001220703	6,59999990463257	1552,43005371094	1775,26000976562	1835,75	1191,07995605469	32	47	21	5	4629	0,9072469	7,944	7,83	22
58	1,56666660308838	-0,260000020265579	9,61999988555908	-7,36666679382324	149,389999389648	112,410003662109	365,75	7,96000003814697	1433,05004882812	1770,2900390625	1799,77001953125	1183,919921875	32	47	21	5	4601	1,0374498	6,558	8,022	6
59	-0,415606677532196	-0,538800835609436	8,98711204528809	-9,26022624969482	134,798004150391	60,6746292114258	398,284606933594	5,42872428894043	1420,70434570312	1816,18701171875	1778,29370117188	1201,30908203125	32	47	21	5	4651	1,4409055	7,944	8,022	12
60	-2,02726078033447	-2,18440175056458	7,70136642456055	-11,0697870254517	128,326278686523	47,251781463623	397,13037109375	5,25152111053467	1409,01147460938	1820,34191894531	1804,66467285156	1179,74243164062	32	47	21	6	4702	3,577215	6,558	8,022	25
61	2,15999984741211	0,253333300352097	9,37333297729492	-8,92666625976562	14,2800006866455	61,1000022888184	324,019989013672	5,77999973297119	1564,16003417969	1833,82995605469	1779,5	1224,34997558594	36	44	20	6	4585	0,5626796	8,204	1,522	17
62	1,33864378929138	-0,62797600030899	8,27144527435303	-9,51942157745361	80,8202514648438	54,18017578125	336,011657714844	3,60931420326233	1531,60107421875	1874,61791992188	1904,951171875	1200,18835449219	36	44	20	6	4585	0,5626796	8,204	1,522	14
63	0,978750586509705	-0,511029183864594	9,65832996368408	-8,43665027618408	78,253059387207	28,826717376709	263,264892578125	2,83089470863342	1527,95983886719	1949,58654785156	1875,22778320312	1190,33642578125	36	44	20	6	4585	0,5626796	8,204	1,522	15
64	-1,04168570041656	-1,10739517211914	8,66374778747559	-10,1206531524658	122,762954711914	41,6192474365234	356,961059570312	4,625572681427	1417,90405273438	1844,65991210938	1814,16149902344	1181,693359375	19	66	15	7	4599	0,1591545	6,75	5,548	19
65	3,52373576164246	4,37100648880005	12,9421586990356	-3,89403772354126	121,551483154297	26,8500843048096	254,560882568359	4,72072601318359	1515,31103515625	1944,70678710938	2003,46630859375	1256,96313476562	39	44	17	5	4318	0,9279436	7,456	4,401	15
66	2,8899998664856	0,609999895095825	10,1300001144409	-5,70666694641113	51,5100021362305	32,939998626709	325,040008544922	1,35000002384186	1551,84997558594	1871,58996582031	1868,30004882812	1274,55004882812	31	41	28	1	4689	0,6060213	8,166	1,812	14
67	4,19490671157837	3,99003863334656	12,1427583694458	-5,72851848602295	42,5085411071777	49,4564018249512	267,565887451172	2,17632007598877	1593,34411621094	1979,66235351562	1943,5703125	1235,64099121094	19	66	15	9	4503	2,6326289	8,096	1,829	21
68	-1,10418486595154	-1,17612051963806	8,60483264923096	-10,1852931976318	122,552322387695	41,4063873291016	357,105102539062	4,60785818099976	1418,26489257812	1845,41137695312	1814,46862792969	1182,0146484375	19	66	15	7	4603	0,9002422	8,147	1,829	20
69	-0,198112472891808	-1,75223958492279	8,79477024078369	-10,340235710144	123,347236633301	60,9099998474121	299,974792480469	5,62313461303711	1440,1796875	1865,49047851562	1843,384765625	1149,5009765625	19	66	15	6	4608	1,3170096	8,147	1,829	19
70	-0,182418689131737	-1,73436307907104	8,80904293060303	-10,3248748779297	123,052276611328	60,6730041503906	299,490356445312	5,61123180389404	1440,3212890625	1865,81994628906	1843,58032226562	1149,47802734375	19	66	15	6	4603	0,9002422	8,147	1,829	26
71	0,416666746139526	-1,58666670322418	8,74333381652832	-8,71333312988281	135,289993286133	99,379997253418	327,869995117188	5,32000017166138	1448,94995117188	1782,78002929688	1823,2900390625	1172,57006835938	19	66	15	6	4603	0,9002422	8,147	1,829	25
72	0,863333284854889	-0,836666584014893	9,03999996185303	-10,8233327865601	25,2599983215332	67,879997253418	301,360015869141	5,95000028610229	1555,78002929688	1795,7099609375	1877,51000976562	1179,43005371094	19	66	15	6	4603	0,9002422	8,147	1,829	26
73	-2,66847062110901	-1,87573421001434	7,89624738693237	-10,1294221878052	132,569290161133	89,5201187133789	343,516418457031	2,28707361221313	1376,080078125	1758,22509765625	1900,51416015625	1158,21215820312	32	47	21	6	4702	3,577215	6,558	8,022	18
74	-1,04523169994354	-3,02770566940308	6,35333061218262	-12,3542146682739	89,5880279541016	74,8095016479492	381,173858642578	5,28399610519409	1487,072265625	1836,00109863281	1831,86767578125	1163,21887207031	32	47	21	5	4734	14,3240633	8,147	1,829	22
75	-0,606022775173187	-2,5508975982666	6,76508808135986	-11,9023408889771	89,1405487060547	72,405517578125	376,386016845703	5,31432914733887	1487,95129394531	1840,36645507812	1835,94189453125	1164,24853515625	32	47	21	8	4696	8,3743153	7,607	3,497	17
76	0,876704037189484	-0,08666668087244	9,27333354949951	-9,40220832824707	57,4720306396484	24,8499984741211	174,660003662109	14,2264356613159	1503,19445800781	1926,22998046875	2037,1201171875	1183,28503417969	19	66	15	5	4587	0,5738221	8,204	1,522	5
77	0,046415787190199	-0,30597448348999	9,70134544372559	-8,79301071166992	48,4346656799316	52,2320404052734	250,065002441406	16,9925632476807	1561,73852539062	1885,20129394531	1961,80004882812	1227,26049804688	19	66	15	5	4587	0,5738221	8,204	1,522	3
78	-1,12000834941864	-1,19333863258362	8,58896636962891	-10,1995153427124	122,747131347656	41,5884780883789	358,148376464844	4,62101554870605	1418,03198242188	1844,74853515625	1814,18579101562	1182,0234375	19	66	15	7	4608	1,3170096	8,147	1,829	5
79	0,416666746139526	-1,58666670322418	8,74333381652832	-8,71333312988281	135,289993286133	99,379997253418	327,869995117188	5,32000017166138	1448,94995117188	1782,78002929688	1823,2900390625	1172,57006835938	19	66	15	6	4603	0,9002422	8,147	1,829	19
80	0,863333284854889	-0,836666584014893	9,03999996185303	-10,8233327865601	25,2599983215332	67,879997253418	301,360015869141	5,95000028610229	1555,78002929688	1795,7099609375	1877,51000976562	1179,43005371094	19	66	15	6	4603	0,9002422	8,147	1,829	28
81	0,160670131444931	-0,459068357944489	9,33307647705078	-9,97246551513672	69,7502212524414	52,4471702575684	290,891845703125	2,03339338302612	1485,59619140625	1857,30529785156	1899,43310546875	1130,97668457031	19	66	15	7	4603	0,9002422	8,147	1,829	24
82	-2,12717986106873	-1,26964831352234	8,44918823242188	-9,61675453186035	133,045059204102	88,169792175293	339,157684326172	2,33421325683594	1372,83666992188	1755,18139648438	1901,72473144531	1151,93872070312	13	80	7	9	4670	0,656184	6,75	5,548	18
83	0,160670131444931	-0,459068357944489	9,33307647705078	-9,97246551513672	69,7502212524414	52,4471702575684	290,891845703125	2,03339338302612	1485,59619140625	1857,30529785156	1899,43310546875	1130,97668457031	19	66	15	6	4603	0,9002422	8,147	1,829	27
84	-1,10366642475128	-1,4262992143631	9,06764030456543	-10,4785184860229	57,0183486938477	83,4511032104492	291,846221923828	16,6014404296875	1475,56323242188	1775,84252929688	1955,63891601562	1169,61096191406	19	66	15	6	4603	0,9002422	8,147	1,829	22
85	-1,10366642475128	-1,4262992143631	9,06764030456543	-10,4785184860229	57,0183486938477	83,4511032104492	291,846221923828	16,6014404296875	1475,56323242188	1775,84252929688	1955,63891601562	1169,61096191406	19	66	15	6	4603	0,9002422	8,147	1,829	21
86	-0,182418689131737	-1,73436307907104	8,80904293060303	-10,3248748779297	123,052276611328	60,6730041503906	299,490356445312	5,61123180389404	1440,3212890625	1865,81994628906	1843,58032226562	1149,47802734375	19	66	15	6	4603	0,9002422	8,147	1,829	22
87	-0,121957130730152	-2,26548981666565	6,58322095870972	-10,6210241317749	80,103759765625	58,6950492858887	358,292846679688	3,34858179092407	1563,1669921875	1912,02758789062	1911,59912109375	1251,31860351562	32	47	21	8	5017	5,5247431	7,582	4,573	10
88	2,8899998664856	0,609999895095825	10,1300001144409	-5,70666694641113	51,5100021362305	32,939998626709	325,040008544922	1,35000002384186	1551,84997558594	1871,58996582031	1868,30004882812	1274,55004882812	31	41	28	1	4689	0,6060213	8,166	1,812	16
89	-0,121957130730152	-2,26548981666565	6,58322095870972	-10,6210241317749	80,103759765625	58,6950492858887	358,292846679688	3,34858179092407	1563,1669921875	1912,02758789062	1911,59912109375	1251,31860351562	32	47	21	9	5017	5,5247431	7,582	4,573	12
90	0,144599139690399	-1,87087678909302	10,3616924285889	-12,3466377258301	25,5510292053223	13,4221267700195	112,29914855957	2,21046090126038	1634,40283203125	2083,45922851562	2092,25048828125	1231,40112304688	19	66	15	4	5181	20,0221462	8,096	2,068	2
91	0,144599139690399	-1,87087678909302	10,3616924285889	-12,3466377258301	25,5510292053223	13,4221267700195	112,29914855957	2,21046090126038	1634,40283203125	2083,45922851562	2092,25048828125	1231,40112304688	19	66	15	4	5181	20,0221462	8,096	2,068	3
92	0,077861964702606	0,642751276493073	10,0889043807983	-7,28309106826782	127,148582458496	59,1527709960938	286,180511474609	3,46613740921021	1441,6025390625	1843,55493164062	1971,96838378906	1203,46606445312	19	66	15	9	4588	1,5011212	8,147	1,829	14
93	0,077861964702606	0,642751276493073	10,0889043807983	-7,28309106826782	127,148582458496	59,1527709960938	286,180511474609	3,46613740921021	1441,6025390625	1843,55493164062	1971,96838378906	1203,46606445312	19	66	15	9	4588	1,5011212	8,147	1,829	17
94	-1,11303877830505	-0,663394272327423	8,87110996246338	-8,36224460601807	134,353744506836	60,1584587097168	296,368286132812	3,41877269744873	1451,92309570312	1854,6142578125	1965,31176757812	1223,42822265625	32	47	21	9	4868	15,4782257	6,633	12,86	18
95	1,98666667938232	0,1766666918993	9,19000053405762	-9,05000019073486	24,7000007629395	67,3699951171875	331,339996337891	5,53999996185303	1576,03002929688	1821,82006835938	1795,38000488281	1229,2900390625	19	66	15	7	4634	0,9072469	8,147	1,829	12
96	1,98666667938232	0,1766666918993	9,19000053405762	-9,05000019073486	24,7000007629395	67,3699951171875	331,339996337891	5,53999996185303	1576,03002929688	1821,82006835938	1795,38000488281	1229,2900390625	19	66	15	7	4634	0,9072469	8,147	1,829	10
97	1,6784850358963	0,021111035719514	8,71683883666992	-8,99692249298096	99,6871871948242	73,8625030517578	379,619018554688	7,06758213043213	1521,06579589844	1882,90563964844	1865,23120117188	1217,62438964844	47	32	21	7	4620	3,7407384	6,587	8,428	12
98	1,95408535003662	0,270735502243042	9,05627536773682	-8,89552974700928	98,230354309082	71,1948776245117	373,136566162109	6,98697853088379	1511,61657714844	1873,43420410156	1863,8349609375	1200,1904296875	47	32	21	6	4533	1,1747826	7,479	2,376	12
99	1,58312332630157	1,22806656360626	11,6789331436157	-8,58131504058838	19,6407699584961	16,312385559082	211,007827758789	0,954444766044617	1559,73400878906	1959,28735351562	2033,79113769531	1139,64868164062	19	66	15	8	4529	0,7957236	8,224	1,894	3
100	1,58312332630157	1,22806656360626	11,6789331436157	-8,58131504058838	19,6407699584961	16,312385559082	211,007827758789	0,954444766044617	1559,73400878906	1959,28735351562	2033,79113769531	1139,64868164062	19	66	15	8	4529	0,7957236	8,224	1,894	3
101	1,93936765193939	0,463333278894424	11,0033330917358	-8,84237480163574	25,8830833435059	14,8999996185303	140,459991455078	8,70726871490479	1524,73681640625	1934,61999511719	2088,35009765625	1154,94018554688	19	66	15	10	4584	2,3078694	8,167	1,795	5
102	1,45422220230103	-0,073333472013474	10,6700000762939	-9,60369300842285	25,8716716766357	12,8999996185303	140,149993896484	7,53582239151001	1530,57934570312	1915,59997558594	2071,69995117188	1149,73352050781	19	66	15	7	4615	1,3502245	8,224	2,068	8
103	1,04927635192871	1,10923385620117	11,3279399871826	-9,06576347351074	15,580096244812	13,4169836044312	205,200286865234	0,768407642841339	1629,49951171875	1982,03930664062	2077,06396484375	1195,16638183594	19	66	15	6	4866	1,0374498	8,166	1,939	7
104	2,64019298553467	3,04036331176758	13,1494646072388	-7,54140043258667	14,922568321228	11,8791818618774	198,899993896484	0,894547343254089	1618,98193359375	1959,78076171875	2079,05908203125	1172,77416992188	19	66	15	2	4606	0,656184	8,039	1,862	9
105	-3,09277176856995	-3,95166826248169	6,43332624435425	-13,207501411438	57,1032257080078	19,788631439209	252,453231811523	2,63556814193726	1482,08972167969	1953,3076171875	1916,36108398438	1149,68798828125	19	66	15	8	4987	2,2636361	8,199	1,829	11
106	1,45422220230103	-0,073333472013474	10,6700000762939	-9,60369300842285	25,8716716766357	12,8999996185303	140,149993896484	7,53582239151001	1530,57934570312	1915,59997558594	2071,69995117188	1149,73352050781	19	66	15	6	4615	1,3502245	8,224	2,068	6
107	2,07893872261047	2,11677646636963	13,4705905914307	-6,63494253158569	14,2028322219849	13,6779727935791	124,886268615723	0,679256618022919	1635,06958007812	1971,19409179688	2271,42919921875	1217,83447265625	19	66	15	3	4581	0,9680096	8,039	1,862	7
108	2,0520613193512	1,65107452869415	11,8012533187866	-8,12448501586914	15,7279434204102	15,5063018798828	207,99739074707	0,917685151100159	1603,16735839844	1997,2705078125	2076,13671875	1175,43933105469	19	66	15	6	4676	2,0650566	8,039	1,862	13
109	1,13266599178314	0,893488645553589	11,8590259552002	-8,04429626464844	40,8620491027832	23,2163238525391	211,249053955078	10,8625612258911	1547,66796875	1965,69079589844	2036,19580078125	1195,07043457031	19	66	15	8	4548	1,5671035	8,166	1,984	2
110	0,293043941259384	-0,189712211489677	10,8893623352051	-8,33569240570068	30,3114891052246	61,1101684570312	198,537368774414	2,12084460258484	1565,15649414062	1911,84887695312	2168,15942382812	1210,90637207031	19	66	15	7	4666	1,1252507	8,248	1,805	6
111	0,860948264598846	-0,09999992698431	9,26333332061768	-9,42363929748535	57,4300003051758	24,8599987030029	174,480010986328	14,2653093338013	1502,60778808594	1925,92993164062	2037,28002929688	1182,68225097656	19	66	15	5	4590	0,3183066	8,254	1,964	3
112	-2,36437153816223	-4,30520105361938	5,3946590423584	-13,9967670440674	63,1566390991211	48,8984718322754	298,314025878906	3,01387906074524	1493,71557617188	1812,86352539062	1849,61865234375	1134,47448730469	19	66	15	9	4928	1,6381539	7,994	1,82	6
113	-0,126811817288399	-0,486133277416229	11,2868757247925	-9,61627197265625	32,0155296325684	9,54698181152344	207,233734130859	11,4530620574951	1576,05883789062	1996,47204589844	2095,6865234375	1220,31958007812	19	66	15	6	4935	0,675206	8,039	1,862	3
114	1,04927635192871	1,10923385620117	11,3279399871826	-9,06576347351074	15,580096244812	13,4169836044312	205,200286865234	0,768407642841339	1629,49951171875	1982,03930664062	2077,06396484375	1195,16638183594	19	66	15	6	4866	1,0374498	8,166	1,939	8
115	-1,52686882019043	-1,97481167316437	9,48229694366455	-10,4875583648682	22,9284725189209	72,7963943481445	177,390380859375	2,1891930103302	1533,44934082031	1880,06298828125	2124,6201171875	1192,14599609375	19	66	15	5	4750	2,8201976	8,224	1,894	7
116	1,58999991416931	-0,810000002384186	10,0500001907349	-7,92999982833862	30,8500003814697	47,2200012207031	302,22998046875	1,00999999046326	1601,81005859375	1832,80004882812	1977,09997558594	1245,2900390625	19	66	15	7	4948	0,5738221	8,039	1,862	8
117	1,21386301517487	0,855155289173126	11,8788528442383	-7,43939924240112	27,4132976531982	46,0989189147949	187,584609985352	1,74379801750183	1587,54992675781	1931,67065429688	2197,61938476562	1215,48999023438	19	66	15	2	4622	1,6381539	8,224	1,894	5
118	0,956827878952026	-0,803333282470703	10,1933336257935	-10,3987970352173	31,2577667236328	12,210000038147	155,970001220703	5,21776962280273	1598,34375	1942,28002929688	2071,919921875	1188,68627929688	19	66	15	6	4946	0,8570117	8,039	1,862	10
119	0,811100125312805	-0,100000023841858	9,04333400726318	-9,41232967376709	73,0933609008789	30,7099990844727	198,520004272461	13,6094570159912	1508,70825195312	1919,63000488281	2015,32006835938	1199,34020996094	19	66	15	5	4627	0,8114799	8,147	1,829	3
120	1,85142803192139	0,16084823012352	11,6230974197388	-8,01908874511719	52,0802726745605	13,9512624740601	209,066619873047	0,960256218910217	1581,40405273438	1971,29248046875	2012,43969726562	1144,6396484375	19	66	15	5	4600	1,2428448	8,224	2,068	13
121	-3,64528632164001	-4,65999984741211	5,39333343505859	-14,7320528030396	43,7515144348145	25,9200000762939	145,449996948242	13,3746166229248	1454,76916503906	1906,85998535156	2018,4599609375	1133,61352539062	19	66	15	3	4982	0,5626796	8,147	1,829	2
122	-3,8826904296875	-4,35555028915405	6,48252582550049	-12,614652633667	37,1846046447754	128,411636352539	239,438385009766	4,77202224731445	1437,42346191406	1805,86352539062	1988,91967773438	1162,59033203125	19	66	15	4	4845	3,0543699	8,096	2,196	5
123	0,92075514793396	0,05000003054738	9,12333297729492	-9,41606521606445	87,6406097412109	37,75	217,309997558594	13,4863262176514	1497,55822753906	1900,32006835938	2003,26000976562	1198,11254882812	19	66	15	3	4600	1,8140391	8,147	1,829	15
124	-3,25795745849609	-4,02053689956665	6,44132471084595	-13,4038972854614	54,3125152587891	19,8771953582764	250,394577026367	2,81495189666748	1475,01782226562	1952,07421875	1914,14294433594	1139,982421875	19	66	15	3	4982	0,5626796	8,147	1,829	8
125	1,6097457408905	0,05262303352356	10,2057094573975	-10,2224369049072	66,1370086669922	29,8579330444336	228,768402099609	2,19718360900879	1535,21508789062	1872,64208984375	1966,53759765625	1120,35229492188	19	66	15	8	4529	0,7957236	8,224	1,894	5
126	1,58124876022339	0,661482453346252	11,074556350708	-8,24897003173828	63,1047096252441	14,1713895797729	158,515213012695	4,14870882034302	1538,88012695312	1927,81518554688	1888,47875976562	1182,54541015625	19	66	15	10	4551	1,4232323	8,167	1,984	8
127	1,21386301517487	0,855155289173126	11,8788528442383	-7,43939924240112	27,4132976531982	46,0989189147949	187,584609985352	1,74379801750183	1587,54992675781	1931,67065429688	2197,61938476562	1215,48999023438	19	66	15	2	4622	1,6381539	8,224	1,894	8
128	1,46085000038147	0,52016419172287	10,9439945220947	-8,35987567901611	63,0776290893555	14,2097387313843	159,871337890625	4,12195301055908	1540,82080078125	1929,71765136719	1888,36828613281	1185,19152832031	19	66	15	10	4584	2,3078694	8,167	1,795	6
129	1,58999991416931	-0,810000002384186	10,0500001907349	-7,92999982833862	30,8500003814697	47,2200012207031	302,22998046875	1,00999999046326	1601,81005859375	1832,80004882812	1977,09997558594	1245,2900390625	19	66	15	6	4948	0,5738221	8,039	1,862	9
130	-0,136010929942131	-0,497816354036331	11,2794027328491	-9,62726879119873	31,9551696777344	9,46023178100586	207,326965332031	11,4704895019531	1576,50805664062	1996,845703125	2096,10571289062	1220,69995117188	19	66	15	6	4946	0,8570117	8,039	1,862	3
131	0,541279494762421	-1,28592395782471	10,8141851425171	-9,38189697265625	47,2466621398926	15,7355051040649	197,865982055664	0,676183223724365	1632,61328125	1993,33032226562	2074,38232421875	1176,57055664062	19	66	15	6	4948	0,5738221	8,039	1,862	8
132	1,23666656017303	-1,44666659832001	8,70666694641113	-7,40999984741211	59,5100021362305	39,2700004577637	312,429992675781	1,66000008583069	1519,15002441406	1822,46997070312	1830,7900390625	1249,84997558594	19	66	15	5	4731	3,8354709	8,166	1,812	23
133	-2,65895009040833	-4,32270956039429	5,87990570068359	-14,7232284545898	54,6307182312012	38,3899230957031	244,376495361328	2,74617099761963	1501,36267089844	1812,83349609375	1855,72875976562	1116,52551269531	19	66	15	3	4917	1,8035501	8,308	2,071	8
134	0,541279494762421	-1,28592395782471	10,8141851425171	-9,38189697265625	47,2466621398926	15,7355051040649	197,865982055664	0,676183223724365	1632,61328125	1993,33032226562	2074,38232421875	1176,57055664062	19	66	15	6	4948	0,5738221	8,039	1,862	6
135	0,956827878952026	-0,803333282470703	10,1933336257935	-10,3987970352173	31,2577667236328	12,210000038147	155,970001220703	5,21776962280273	1598,34375	1942,28002929688	2071,919921875	1188,68627929688	19	66	15	6	4946	0,8570117	8,039	1,862	10
136	2,10213541984558	0,367696940898895	11,8876914978027	-7,94266366958618	51,7944602966309	15,2492895126343	202,426483154297	1,16484820842743	1564,33703613281	1950,01684570312	2001,20190429688	1127,02648925781	42	29	29	3	4508	2,4768822	8,224	1,894	7
137	1,14768016338348	-0,061142165213823	9,94751644134521	-8,20565223693848	98,6565017700195	50,2204170227051	289,565856933594	4,86383247375488	1513,10925292969	1932,19116210938	1865,49243164062	1209,72326660156	19	66	15	8	4590	1,4670154	8,147	1,829	20
138	-3,53458738327026	-4,46447515487671	6,5202751159668	-13,7578601837158	56,206901550293	15,0894765853882	152,171844482422	3,95540809631348	1487,86584472656	1934,49609375	1802,6318359375	1156,58959960938	19	66	15	5	4820	2,5273712	8,096	2,196	8
139	1,13266599178314	0,893488645553589	11,8590259552002	-8,04429626464844	40,8620491027832	23,2163238525391	211,249053955078	10,8625612258911	1547,66796875	1965,69079589844	2036,19580078125	1195,07043457031	19	66	15	8	4548	1,5671035	8,166	1,984	4
140	-3,25795745849609	-4,02053689956665	6,44132471084595	-13,4038972854614	54,3125152587891	19,8771953582764	250,394577026367	2,81495189666748	1475,01782226562	1952,07421875	1914,14294433594	1139,982421875	19	66	15	3	4982	0,5626796	8,147	1,829	9
141	-2,07912707328796	-3,25999999046326	6,97333335876465	-13,1054611206055	35,608943939209	21,0200004577637	140,080001831055	13,6856393814087	1460,7568359375	1895,85998535156	2025,81005859375	1127,71350097656	38	29	33	8	4809	1,4626962	9,301	0,885	10
142	2,05447626113892	0,327300190925598	11,6214618682861	-7,84954309463501	54,1226577758789	14,2988538742065	212,885498046875	1,19641470909119	1562,18933105469	1958,8935546875	1983,63256835938	1135,26477050781	38	29	33	8	4530	0,8570117	8,166	1,984	10
143	0,337803691625595	-0,588290154933929	10,4096202850342	-9,87497520446777	43,8546142578125	6,75749588012695	156,440551757812	2,76811218261719	1587,50610351562	1954,16088867188	2025,38208007812	1201,19409179688	19	66	15	6	4948	0,5738221	8,039	1,862	11
144	-1,92000019550323	-4,03666687011719	7,3600001335144	-14,5166664123535	7,46999979019165	49,8400001525879	268,75	6,42999982833862	1540,31005859375	1809,06005859375	1816,88000488281	1180,65002441406	19	66	15	3	4917	1,8035501	8,308	2,071	15
145	1,51802027225494	0,741413414478302	10,2962713241577	-8,48583126068115	38,758617401123	19,4208793640137	234,509658813477	1,7295355796814	1544,19592285156	1992,78515625	1971,99499511719	1185,25537109375	19	66	15	3	4603	1,3121958	8,166	1,812	11
146	0,351478546857834	0,117432095110416	11,5069913864136	-9,00180912017822	38,3352317810059	22,8613624572754	199,389678955078	10,8849821090698	1536,552734375	1957,66723632812	2049,30810546875	1187,9033203125	19	66	15	7	4615	1,3502245	8,224	2,068	5
147	0,293043941259384	-0,189712211489677	10,8893623352051	-8,33569240570068	30,3114891052246	61,1101684570312	198,537368774414	2,12084460258484	1565,15649414062	1911,84887695312	2168,15942382812	1210,90637207031	19	66	15	7	4666	1,1252507	8,248	1,805	5
148	-1,92000019550323	-4,03666687011719	7,3600001335144	-14,5166664123535	7,46999979019165	49,8400001525879	268,75	6,42999982833862	1540,31005859375	1809,06005859375	1816,88000488281	1180,65002441406	19	66	15	3	4917	1,8035501	8,308	2,071	13
149	-1,11307775974274	-3,48634123802185	7,570716381073	-11,5981712341309	80,2172393798828	27,7278099060059	242,905288696289	2,74873113632202	1471,99182128906	1883,87756347656	1828,10498046875	1130,09448242188	19	66	15	6	4774	1,915765	7,994	1,82	13
150	2,88333344459534	0,943333327770233	11,1133327484131	-8,46999931335449	6,86999988555908	40,1399993896484	320,690002441406	4,80999994277954	1563,580078125	1852,82006835938	1828,13989257812	1216,76000976562	19	66	15	10	4551	1,4232323	8,167	1,984	12
151	-1,2866667509079	-3,96333312988281	7,32333374023438	-10,7333335876465	70,3499984741211	47,25	237,149993896484	1,10000002384186	1472,03002929688	1727,919921875	1805,05004882812	1177,69995117188	38	29	33	8	4809	1,4626962	9,301	0,885	14
152	2,0588550567627	0,606666684150696	11,1433334350586	-8,72995281219482	25,6733360290527	14,5600004196167	138,699996948242	8,70765590667725	1522,62292480469	1932,27001953125	2088,81005859375	1152,35791015625	19	66	15	10	4551	1,4232323	8,167	1,984	4
153	-1,05150878429413	-1,97677445411682	8,27767467498779	-11,1300668716431	47,5635871887207	17,5375537872314	238,550567626953	2,21210813522339	1502,00463867188	1963,73583984375	1945,54223632812	1152,10034179688	19	66	15	6	4774	1,915765	7,994	1,82	10
154	-2,38346195220947	-2,80815148353577	7,63578701019287	-10,4393196105957	54,3316688537598	117,893890380859	268,559204101562	4,00961351394653	1446,21801757812	1819,67785644531	2015,70336914062	1182,44763183594	19	66	15	5	4765	1,1585076	7,994	1,82	8
155	-2,52999997138977	-4,71000003814697	6,33666658401489	-15,1300001144409	8,3100004196167	61,6300010681152	269,630004882812	6,80999994277954	1548,36010742188	1815,4599609375	1825,25	1178,56005859375	19	66	15	3	4982	0,5626796	8,147	1,829	9
156	1,87694609165192	1,20664823055267	10,5342807769775	-8,10630130767822	49,1791114807129	47,4179649353027	262,650512695312	1,93223929405212	1538,64526367188	1937,49731445312	1931,88037109375	1181,92016601562	19	66	15	8	4585	0,8192444	8,147	1,829	17
157	2,92333316802979	0,689999997615814	11,4766664505005	-6,39666652679443	38,810001373291	39,3099975585938	272,630004882812	1,02999997138977	1531,64001464844	1784,78002929688	1924,32006835938	1199,61999511719	42	29	29	3	4508	2,4768822	8,224	1,894	7
158	-3,12509679794312	-4,86148405075073	4,94767570495605	-14,9523286819458	57,7953872680664	47,8781852722168	284,605560302734	3,14236903190613	1482,20141601562	1800,33435058594	1825,4013671875	1118,31005859375	19	66	15	6	4912	1,2829337	8,147	1,829	7
159	1,08863949775696	-0,131874188780785	9,89443969726562	-8,27930545806885	99,7273330688477	50,9420738220215	290,6015625	4,90406227111816	1511,61437988281	1930,4833984375	1864,36840820312	1209,21203613281	19	66	15	9	4589	0,7548945	8,147	1,909	16
160	-1,9133335351944	-3,95333313941956	7,21666669845581	-14,533332824707	7,5	57,5900001525879	262,570007324219	7,05999994277954	1535,43994140625	1804,57006835938	1825,0400390625	1167,93994140625	19	66	15	5	4820	2,5273712	8,096	2,196	5
161	-3,71527433395386	-4,3199257850647	6,83901309967041	-12,5574674606323	32,3099670410156	117,055313110352	218,230712890625	4,08048582077026	1472,25256347656	1832,24682617188	2029,123046875	1178,87158203125	19	66	15	3	4935	1,0675203	8,308	1,986	6
162	2,14333319664001	0,31333327293396	10,9166669845581	-9,43333339691162	5,92999982833862	35,2999992370605	309,470001220703	4,13000011444092	1567,86999511719	1858,13989257812	1848,34008789062	1218,18994140625	19	66	15	7	4615	1,3502245	8,224	2,068	8
163	2,97666645050049	1,29333329200745	11,6966667175293	-8,46000003814697	5,90999984741211	33,939998626709	310,330017089844	3,95000004768372	1568,55004882812	1862,90002441406	1856,30004882812	1217,43994140625	42	29	29	3	4508	2,4768822	8,224	1,894	7
164	0,960965871810913	-0,536411941051483	9,64057159423828	-8,46453189849854	78,4021377563477	28,8617000579834	263,155731201172	2,83316493034363	1527,17260742188	1948,78686523438	1874,68249511719	1189,61303710938	36	44	20	6	4586	1,2829337	7,947	7,83	15
165	-4,56790018081665	-4,68738842010498	6,72566986083984	-14,1167058944702	44,426628112793	72,4396820068359	186,396118164062	13,3800354003906	1482,14196777344	1863,73840332031	1997,48608398438	1161,73059082031	19	66	15	3	4982	0,5626796	8,147	1,829	9
166	-2,65895009040833	-4,32270956039429	5,87990570068359	-14,7232284545898	54,6307182312012	38,3899230957031	244,376495361328	2,74617099761963	1501,36267089844	1812,83349609375	1855,72875976562	1116,52551269531	19	66	15	3	4917	1,8035501	8,308	2,071	7
167	-1,2866667509079	-3,96333312988281	7,32333374023438	-10,7333335876465	70,3499984741211	47,25	237,149993896484	1,10000002384186	1472,03002929688	1727,919921875	1805,05004882812	1177,69995117188	38	29	33	8	4809	1,4626962	9,301	0,885	13
168	1,47410333156586	0,546734035015106	11,0176467895508	-8,38870143890381	60,957893371582	13,0514440536499	159,049896240234	3,84831643104553	1546,208984375	1931,66967773438	1902,294921875	1185,48803710938	19	66	15	10	4579	1,0374498	8,167	1,984	14
169	-0,383333295583725	-2,64333343505859	7,75	-12,3833332061768	8,39999961853027	62,6399993896484	296,799987792969	7,15000009536743	1546,89001464844	1818,09008789062	1799,169921875	1193,330078125	19	66	15	6	4774	1,915765	7,994	1,82	10
170	1,58153402805328	-0,108960844576359	11,3640718460083	-8,20614242553711	52,159740447998	13,3848514556885	212,478576660156	0,852112948894501	1592,68579101562	1983,24072265625	2019,81982421875	1156,01574707031	19	66	15	10	4696	2,0924258	8,166	1,986	13
171	1,08033442497253	0,293608963489532	9,65358638763428	-8,85744285583496	42,4017486572266	27,8773460388184	246,601379394531	1,64736306667328	1558,26342773438	1992,07238769531	1957,7841796875	1208,11730957031	19	66	15	7	4720	2,4331388	8,147	1,829	12
172	0,99802577495575	0,723744988441467	11,6230239868164	-8,1428394317627	42,1798896789551	26,9056358337402	212,138076782227	11,1230325698853	1544,82299804688	1958,28588867188	2025,81372070312	1194,55310058594	19	66	15	10	4551	1,4232323	8,167	1,984	7
173	-3,32809686660767	-4,07154655456543	6,63644695281982	-13,4373712539673	38,0072021484375	20,4085826873779	237,285430908203	2,16662001609802	1513,92944335938	1973,80688476562	1948,0244140625	1154,75048828125	19	66	15	7	5056	2,0279882	8,096	2,071	11
174	-2,1233332157135	-4,6966667175293	6,64666652679443	-11,7666664123535	72,4599990844727	47,0799980163574	222,820007324219	1,04999995231628	1470,47998046875	1725,14990234375	1797,97998046875	1172,2099609375	19	66	15	5	4820	2,5273712	8,096	2,196	7
175	0,109458148479462	-0,204725503921509	9,23293972015381	-8,68451690673828	113,30184173584	44,1772384643555	327,919555664062	4,2323899269104	1470,92993164062	1891,67407226562	1802,484375	1234,49560546875	19	66	15	3	4634	0,9072469	8,147	1,829	14
176	-3,48095703125	-4,01247406005859	6,64153432846069	-11,7449369430542	48,1458396911621	126,74340057373	264,113403320312	4,38655471801758	1443,99011230469	1814,97241210938	2004,11865234375	1180,23486328125	19	66	15	4	4902	1,7136401	7,994	1,82	6
177	0,337803691625595	-0,588290154933929	10,4096202850342	-9,87497520446777	43,8546142578125	6,75749588012695	156,440551757812	2,76811218261719	1587,50610351562	1954,16088867188	2025,38208007812	1201,19409179688	19	66	15	6	4948	0,5738221	8,039	1,862	5
178	1,55333340167999	-0,646666705608368	9,15999984741211	-7,01999998092651	97,0499954223633	61,6399993896484	329,399993896484	2,61999988555908	1473,57006835938	1811,65002441406	1795,10998535156	1224,39001464844	19	66	15	5	4627	0,8114799	8,147	1,829	22
179	0,934877693653107	-0,012133271433413	10,7348318099976	-9,1575174331665	54,688419342041	11,2505140304565	145,599853515625	3,52870512008667	1544,0009765625	1926,09521484375	1916,93005371094	1173,69897460938	19	66	15	7	4615	1,3502245	8,224	2,068	5
180	1,31974816322327	-0,646976709365845	11,0526962280273	-8,85137557983398	52,9483337402344	16,3584365844727	204,266479492188	1,24961614608765	1559,83532714844	1939,5947265625	1982,30786132812	1129,03747558594	19	66	15	7	4615	1,3502245	8,224	2,068	6
181	1,25571370124817	0,525486469268799	9,39320087432861	-8,59787368774414	39,3776016235352	31,8858032226562	251,514266967773	1,5054486989975	1603,30712890625	2025,70043945312	1969,28588867188	1256,2861328125	47	32	21	7	4914	3,7508242	8,077	2,694	21
182	0,33207756280899	-0,251404941082001	9,3880500793457	-8,69948387145996	94,1719207763672	32,3996887207031	243,104888916016	5,41681432723999	1492,53991699219	1922,34643554688	1810,5419921875	1224,57043457031	19	66	15	5	4590	0,3183066	8,254	1,964	12
183	-0,048800867050886	-0,423385709524155	10,9249277114868	-8,62235641479492	22,305103302002	27,2673377990723	161,867965698242	1,04297423362732	1634,09582519531	1971,28540039062	2235,015625	1246,73461914062	19	66	15	6	4946	0,8570117	8,039	1,862	6
184	-0,570779740810394	-0,521771252155304	9,32952785491943	-8,18399715423584	77,5817718505859	86,0691528320312	274,974822998047	3,21854114532471	1444,62194824219	1830,58581542969	2010,52978515625	1190,52905273438	19	66	15	8	4579	0,4640023	8,199	1,803	12
185	1,79173290729523	1,11445426940918	10,4565839767456	-8,19335174560547	49,8696060180664	48,6485710144043	264,190368652344	1,95460748672485	1537,70056152344	1934,43530273438	1930,08935546875	1181,1982421875	19	66	15	9	4589	0,7548945	8,147	1,909	19
186	3,10318922996521	3,022221326828	13,8917274475098	-6,24281358718872	29,2380199432373	3,77917695045471	219,084335327148	15,1042737960815	1610,81689453125	2043,68139648438	2112,5986328125	1215,38269042969	19	66	15	6	4699	1,4098318	8,465	1,862	4
187	2,74000000953674	0,370000004768372	11,0633335113525	-6,40333366394043	43,2599983215332	36,8600006103516	273,890014648438	1,16999995708466	1517,90002441406	1784	1893,72998046875	1202,03002929688	19	66	15	10	4551	1,4232323	8,167	1,984	11
188	0,052705626934767	-0,488556712865829	9,47415447235107	-8,9304141998291	49,1533164978027	64,1465148925781	281,502777099609	19,0154113769531	1554,25317382812	1842,0283203125	1945,74780273438	1235,8466796875	19	66	15	7	4634	0,9072469	8,147	1,829	12
189	2,17793130874634	0,502849936485291	10,275444984436	-9,18312358856201	71,9310684204102	33,097599029541	251,792694091797	1,47390484809875	1569,55676269531	1910,14697265625	2007,1826171875	1160,11767578125	19	66	15	6	4606	2,2636361	8,224	2,068	16
190	-2,07912707328796	-3,25999999046326	6,97333335876465	-13,1054611206055	35,608943939209	21,0200004577637	140,080001831055	13,6856393814087	1460,7568359375	1895,85998535156	2025,81005859375	1127,71350097656	38	29	33	8	4809	1,4626962	9,301	0,885	13
191	2,97666668891907	1,12999999523163	11,3233337402344	-8,36000061035156	6,55999994277954	37,3199996948242	320,140014648438	4,34000015258789	1569,85009765625	1861,39990234375	1838,669921875	1221,19995117188	19	66	15	2	4548	1,5671035	8,166	1,984	9
192	-2,0827112197876	-3,0385525226593	7,44936275482178	-11,7440690994263	76,8018569946289	21,3195133209229	180,044769287109	5,36115121841431	1484,26916503906	1931,8955078125	1802,48120117188	1185,26794433594	19	66	15	6	4774	1,915765	7,994	1,82	9
193	1,47410333156586	0,546734035015106	11,0176467895508	-8,38870143890381	60,957893371582	13,0514440536499	159,049896240234	3,84831643104553	1546,208984375	1931,66967773438	1902,294921875	1185,48803710938	19	66	15	10	4579	1,0374498	8,167	1,984	11
194	2,02257394790649	0,294530153274536	11,586576461792	-7,87044715881348	54,1621170043945	14,2197904586792	213,456100463867	1,18186712265015	1563,34130859375	1960,28100585938	1983,97216796875	1136,64697265625	19	66	15	2	4548	1,5671035	8,166	1,984	15
195	3,10318922996521	3,022221326828	13,8917274475098	-6,24281358718872	29,2380199432373	3,77917695045471	219,084335327148	15,1042737960815	1610,81689453125	2043,68139648438	2112,5986328125	1215,38269042969	19	66	15	6	4699	1,4098318	8,465	1,862	4
196	0,052705626934767	-0,488556712865829	9,47415447235107	-8,9304141998291	49,1533164978027	64,1465148925781	281,502777099609	19,0154113769531	1554,25317382812	1842,0283203125	1945,74780273438	1235,8466796875	19	66	15	7	4634	0,9072469	8,147	1,829	14
197	0,273315519094467	-0,009646425954998	9,40245342254639	-8,5200252532959	113,909194946289	44,4751777648926	328,695007324219	4,23564529418945	1468,87719726562	1888,84704589844	1802,61608886719	1232,1875	19	66	15	3	4600	1,8140391	8,147	1,829	14
198	-4,56790018081665	-4,68738842010498	6,72566986083984	-14,1167058944702	44,426628112793	72,4396820068359	186,396118164062	13,3800354003906	1482,14196777344	1863,73840332031	1997,48608398438	1161,73059082031	19	66	15	3	4982	0,5626796	8,147	1,829	8
199	-0,132323518395424	0,078425087034702	9,62879753112793	-7,46535301208496	99,596435546875	61,9266700744629	276,17138671875	3,02271103858948	1471,0888671875	1868,10144042969	2011,5888671875	1223,3037109375	19	66	15	5	4627	0,8114799	8,147	1,829	17
200	-0,676666676998138	-3,32999992370605	7,58333301544189	-9,81666660308838	80,379997253418	52,810001373291	265,149993896484	1,51999998092651	1468,34997558594	1752,34997558594	1795,96997070312	1187,15002441406	19	66	15	5	4765	1,1585076	7,994	1,82	4
201	-2,5150408744812	-2,78133678436279	8,11719036102295	-11,7138080596924	48,6891250610352	63,7711486816406	210,515029907227	14,2535562515259	1508,35009765625	1873,9599609375	1981,41174316406	1180,44677734375	19	66	15	6	4774	1,915765	7,994	1,82	4
202	0,934877693653107	-0,012133271433413	10,7348318099976	-9,1575174331665	54,688419342041	11,2505140304565	145,599853515625	3,52870512008667	1544,0009765625	1926,09521484375	1916,93005371094	1173,69897460938	19	66	15	7	4615	1,3502245	8,224	2,068	8
203	2,14000010490417	0,233333334326744	9,36333274841309	-8,96000003814697	14,210000038147	61,1599998474121	323,730010986328	5,80000019073486	1563,85998535156	1833,51000976562	1779,64001464844	1223,92004394531	36	44	20	6	4586	1,2829337	7,947	7,83	24
204	2,97666668891907	1,12999999523163	11,3233337402344	-8,36000061035156	6,55999994277954	37,3199996948242	320,140014648438	4,34000015258789	1569,85009765625	1861,39990234375	1838,669921875	1221,19995117188	19	66	15	8	4548	1,5671035	8,166	1,984	14
205	1,08033442497253	0,293608963489532	9,65358638763428	-8,85744285583496	42,4017486572266	27,8773460388184	246,601379394531	1,64736306667328	1558,26342773438	1992,07238769531	1957,7841796875	1208,11730957031	19	66	15	7	4720	2,4331388	8,147	1,829	12
206	1,6097457408905	0,05262303352356	10,2057094573975	-10,2224369049072	66,1370086669922	29,8579330444336	228,768402099609	2,19718360900879	1535,21508789062	1872,64208984375	1966,53759765625	1120,35229492188	19	66	15	8	4529	0,7957236	8,224	1,894	4
207	-0,132323518395424	0,078425087034702	9,62879753112793	-7,46535301208496	99,596435546875	61,9266700744629	276,17138671875	3,02271103858948	1471,0888671875	1868,10144042969	2011,5888671875	1223,3037109375	19	66	15	5	4627	0,8114799	8,147	1,829	14
208	2,09000015258789	-0,306666612625122	10,6466665267944	-7,26000022888184	41,1500015258789	40,5799980163574	270,470001220703	0,980000019073486	1530,08996582031	1776,17993164062	1911,30004882812	1202,77001953125	19	66	15	7	4615	1,3502245	8,224	2,068	9
209	-0,676666676998138	-3,32999992370605	7,58333301544189	-9,81666660308838	80,379997253418	52,810001373291	265,149993896484	1,51999998092651	1468,34997558594	1752,34997558594	1795,96997070312	1187,15002441406	19	66	15	5	4765	1,1585076	7,994	1,82	4
210	0,804931581020355	-0,874920547008514	9,49845695495605	-10,6347646713257	62,8987846374512	27,3973407745361	225,346618652344	1,68974816799164	1588,52502441406	1957,62036132812	2028,841796875	1170,90075683594	19	66	15	6	4948	0,5738221	8,039	1,862	5
211	0,351478546857834	0,117432095110416	11,5069913864136	-9,00180912017822	38,3352317810059	22,8613624572754	199,389678955078	10,8849821090698	1536,552734375	1957,66723632812	2049,30810546875	1187,9033203125	19	66	15	6	4615	1,3502245	8,224	2,068	7
212	1,35581862926483	-0,542014598846436	8,25886058807373	-9,37464618682861	85,4066772460938	59,7131690979004	354,188079833984	4,59159135818481	1534,3525390625	1891,22973632812	1893,35083007812	1216,65551757812	19	66	15	3	4622	0,7877271	8,147	1,829	12
213	2,97666668891907	1,12999999523163	11,3233337402344	-8,36000061035156	6,55999994277954	37,3199996948242	320,140014648438	4,34000015258789	1569,85009765625	1861,39990234375	1838,669921875	1221,19995117188	19	66	15	8	4548	1,5671035	8,166	1,984	16
214	-5,31787490844727	-5,89699697494507	4,98545551300049	-13,931303024292	40,1586112976074	132,370742797852	250,905288696289	4,77940797805786	1441,16931152344	1811,97583007812	1974,48449707031	1179,37463378906	19	66	15	4	5140	3,5842524	8,147	2,071	9
215	2,26666688919067	0,486666768789291	9,38000011444092	-8,67666625976562	21,2000007629395	64,8899993896484	330,02001953125	5,3600001335144	1574,95007324219	1830,669921875	1786,82006835938	1232,67993164062	19	66	15	6	4600	0,4057603	8,147	1,829	14
216	2,92333316802979	0,689999997615814	11,4766664505005	-6,39666652679443	38,810001373291	39,3099975585938	272,630004882812	1,02999997138977	1531,64001464844	1784,78002929688	1924,32006835938	1199,61999511719	42	29	29	3	4508	2,4768822	8,224	1,894	8
217	-2,52999997138977	-4,71000003814697	6,33666658401489	-15,1300001144409	8,3100004196167	61,6300010681152	269,630004882812	6,80999994277954	1548,36010742188	1815,4599609375	1825,25	1178,56005859375	19	66	15	3	4982	0,5626796	8,147	1,829	10
218	-3,64895057678223	-4,59283351898193	6,40681600570679	-13,8732385635376	55,9841766357422	15,084397315979	152,790512084961	3,9275164604187	1488,94213867188	1935,69653320312	1802,22692871094	1157,95666503906	19	66	15	5	4845	3,0543699	8,096	2,196	7
219	0,300912529230118	-0,153396353125572	9,7107458114624	-8,58326721191406	48,0081939697266	58,1223487854004	271,712951660156	18,6198711395264	1565,6455078125	1861,49829101562	1952,37866210938	1239,3759765625	19	66	15	6	4600	0,4057603	8,147	1,829	13
220	-2,71502304077148	-3,38279247283936	7,14282369613647	-12,8843860626221	48,5834274291992	20,0018520355225	244,348022460938	2,74978685379028	1473,65405273438	1949,59692382812	1920,37280273438	1128,68823242188	19	66	15	4	4845	3,0543699	8,096	2,196	6
221	1,31974816322327	-0,646976709365845	11,0526962280273	-8,85137557983398	52,9483337402344	16,3584365844727	204,266479492188	1,24961614608765	1559,83532714844	1939,5947265625	1982,30786132812	1129,03747558594	19	66	15	6	4615	1,3502245	8,224	2,068	6
222	2,50598740577698	0,856704711914062	10,5895299911499	-8,99704837799072	72,6181488037109	33,571533203125	250,934600830078	1,74284505844116	1550,53869628906	1883,74047851562	1987,86572265625	1141,81982421875	19	66	15	3	4488	0,7957236	8,224	1,894	10
223	0,811100125312805	-0,100000023841858	9,04333400726318	-9,41232967376709	73,0933609008789	30,7099990844727	198,520004272461	13,6094570159912	1508,70825195312	1919,63000488281	2015,32006835938	1199,34020996094	19	66	15	5	4627	0,8114799	8,147	1,829	14
224	-2,33110022544861	-3,27069568634033	7,1280517578125	-12,4167366027832	50,4439239501953	18,1155185699463	243,313034057617	2,42407464981079	1496,01733398438	1963,61108398438	1935,01440429688	1153,35192871094	19	66	15	8	4991	1,7788346	7,994	1,82	16
225	2,14333319664001	0,31333327293396	10,9166669845581	-9,43333339691162	5,92999982833862	35,2999992370605	309,470001220703	4,13000011444092	1567,86999511719	1858,13989257812	1848,34008789062	1218,18994140625	19	66	15	6	4615	1,3502245	8,224	2,068	8
226	0,804931581020355	-0,874920547008514	9,49845695495605	-10,6347646713257	62,8987846374512	27,3973407745361	225,346618652344	1,68974816799164	1588,52502441406	1957,62036132812	2028,841796875	1170,90075683594	19	66	15	6	4948	0,5738221	8,039	1,862	9
227	1,01015067100525	-0,270413726568222	9,70934677124023	-8,2341136932373	87,0208129882812	39,1071434020996	279,965454101562	3,77820420265198	1532,10241699219	1953,16625976562	1872,93908691406	1216,71655273438	19	66	15	6	4600	0,4057603	8,147	1,829	15
228	0,028342744335532	-0,321127861738205	9,69315528869629	-8,81512355804443	48,4702911376953	52,3748245239258	249,748107910156	16,9760627746582	1561,00036621094	1884,76623535156	1961,86572265625	1226,5439453125	19	66	15	5	4590	0,3183066	8,254	1,964	4
229	-2,23000001907349	-4,82666683197021	6,53000020980835	-11,8800001144409	72,4400024414062	47,1199989318848	223,110000610352	1,03999996185303	1471,70007324219	1725,67993164062	1797,21997070312	1173,63000488281	19	66	15	5	4845	3,0543699	8,096	2,196	5
230	1,16445863246918	-0,775590240955353	8,04571723937988	-9,55733489990234	83,8066253662109	58,6049766540527	351,648559570312	4,26007604598999	1537,10522460938	1890,923828125	1897,14135742188	1218,02124023438	19	66	15	9	4637	1,2580281	8,147	1,829	14
231	3,18450498580933	2,59847068786621	13,0463848114014	-6,81981515884399	43,4800262451172	5,31069374084473	166,040893554688	4,33653259277344	1607,47741699219	1969,40844726562	2156,31494140625	1202,88171386719	19	66	15	6	4753	1,8451476	8,465	1,862	12
232	1,13266599178314	0,893488645553589	11,8590259552002	-8,04429626464844	40,8620491027832	23,2163238525391	211,249053955078	10,8625612258911	1547,66796875	1965,69079589844	2036,19580078125	1195,07043457031	19	66	15	2	4548	1,5671035	8,166	1,984	8
233	-2,80407118797302	-4,44244623184204	5,50908946990967	-14,7901477813721	55,7010650634766	43,321590423584	262,808715820312	3,09567928314209	1484,61071777344	1797,85327148438	1831,685546875	1109,89672851562	19	66	15	5	4845	3,0543699	8,096	2,196	6
234	-3,97729754447937	-4,00939798355103	7,52957105636597	-13,6506843566895	42,0425262451172	67,6549835205078	176,19401550293	12,863073348999	1476,037109375	1869,26086425781	2003,2451171875	1152,18041992188	19	66	15	5	4845	3,0543699	8,096	2,196	6
235	-0,570779740810394	-0,521771252155304	9,32952785491943	-8,18399715423584	77,5817718505859	86,0691528320312	274,974822998047	3,21854114532471	1444,62194824219	1830,58581542969	2010,52978515625	1190,52905273438	19	66	15	8	4579	0,4640023	8,199	1,803	11
236	-2,01999998092651	-4,07666683197021	7,10333347320557	-14,6533336639404	7,59000015258789	57,5900001525879	262,850006103516	7,01999998092651	1536,7099609375	1805,38989257812	1824,51000976562	1169,09997558594	19	66	15	5	4845	3,0543699	8,096	2,196	7
237	0,956666707992554	-0,993333280086517	7,09000015258789	-9,29333305358887	21,1999988555908	36,8800010681152	392,869995117188	1,58999991416931	1699,84997558594	1985,30004882812	1794	1362	32	47	21	4	5397	20,4884529	7,5	6,861	10
238	2,09000015258789	-0,306666612625122	10,6466665267944	-7,26000022888184	41,1500015258789	40,5799980163574	270,470001220703	0,980000019073486	1530,08996582031	1776,17993164062	1911,30004882812	1202,77001953125	19	66	15	6	4615	1,3502245	8,224	2,068	9
239	2,86999988555908	0,54666668176651	11,2333335876465	-6,32666683197021	40,5	37,0699996948242	276,22998046875	1,12999999523163	1527,65002441406	1789,94995117188	1907,89001464844	1204,89001464844	19	66	15	8	4548	1,5671035	8,166	1,984	16
240	2,26666688919067	0,486666768789291	9,38000011444092	-8,67666625976562	21,2000007629395	64,8899993896484	330,02001953125	5,3600001335144	1574,95007324219	1830,669921875	1786,82006835938	1232,67993164062	19	66	15	6	4600	0,4057603	8,147	1,829	12
241	2,86999988555908	0,54666668176651	11,2333335876465	-6,32666683197021	40,5	37,0699996948242	276,22998046875	1,12999999523163	1527,65002441406	1789,94995117188	1907,89001464844	1204,89001464844	19	66	15	8	4548	1,5671035	8,166	1,984	15
242	-2,319655418396	-3,97975778579712	5,96391296386719	-14,2981185913086	57,3091316223145	42,4729766845703	261,889770507812	3,08975863456726	1485,77734375	1799,03051757812	1840,51611328125	1108,86474609375	19	66	15	5	4793	1,2829337	8,096	2,068	9
243	1,01015067100525	-0,270413726568222	9,70934677124023	-8,2341136932373	87,0208129882812	39,1071434020996	279,965454101562	3,77820420265198	1532,10241699219	1953,16625976562	1872,93908691406	1216,71655273438	19	66	15	6	4600	0,4057603	8,147	1,829	17
244	1,23666656017303	-1,44666659832001	8,70666694641113	-7,40999984741211	59,5100021362305	39,2700004577637	312,429992675781	1,66000008583069	1519,15002441406	1822,46997070312	1830,7900390625	1249,84997558594	19	66	15	5	4731	3,8354709	8,166	1,812	26
245	3,18450498580933	2,59847068786621	13,0463848114014	-6,81981515884399	43,4800262451172	5,31069374084473	166,040893554688	4,33653259277344	1607,47741699219	1969,40844726562	2156,31494140625	1202,88171386719	19	66	15	6	4753	1,8451476	8,465	1,862	12
246	0,226600304245949	-0,204328283667564	9,2600212097168	-8,61276817321777	103,706840515137	38,4840850830078	290,510131835938	4,57327747344971	1486,93969726562	1913,28356933594	1808,76379394531	1238,25708007812	19	66	15	5	4627	0,8114799	8,147	1,829	15
247	-2,68399405479431	-4,38480854034424	5,58574962615967	-14,6367883682251	56,6408882141113	42,8414001464844	263,551513671875	2,99739861488342	1489,53076171875	1802,14892578125	1840,53930664062	1114,12390136719	19	66	15	5	4823	2,163712	8,096	2,068	8
248	0,956666707992554	-0,993333280086517	7,09000015258789	-9,29333305358887	21,1999988555908	36,8800010681152	392,869995117188	1,58999991416931	1699,84997558594	1985,30004882812	1794	1362	32	47	21	4	5397	20,4884529	7,5	6,861	13
249	-2,20469570159912	-4,23543167114258	5,18790340423584	-13,5227251052856	73,5801010131836	62,0350151062012	352,334564208984	3,57069540023804	1494,48828125	1839,5634765625	1838,49462890625	1165,00134277344	19	66	15	6	4858	4,4431453	8,199	1,829	16
250	2,97666645050049	1,29333329200745	11,6966667175293	-8,46000003814697	5,90999984741211	33,939998626709	310,330017089844	3,95000004768372	1568,55004882812	1862,90002441406	1856,30004882812	1217,43994140625	42	29	29	3	4508	2,4768822	8,224	1,894	10
251	0,226600304245949	-0,204328283667564	9,2600212097168	-8,61276817321777	103,706840515137	38,4840850830078	290,510131835938	4,57327747344971	1486,93969726562	1913,28356933594	1808,76379394531	1238,25708007812	19	66	15	5	4627	0,8114799	8,147	1,829	12
252	0,07292328029871	-0,386712789535522	9,51337146759033	-8,78512001037598	47,9613761901855	56,7222137451172	267,446746826172	18,4497833251953	1568,10046386719	1867,76806640625	1954,21240234375	1240,68920898438	19	66	15	5	4627	0,8114799	8,147	1,829	15
253	1,09285020828247	-0,640102684497833	9,4038028717041	-10,1821851730347	67,5133895874023	31,0312271118164	244,456146240234	1,3669935464859	1590,75549316406	1946,16784667969	2026,14404296875	1178,94506835938	19	66	15	5	4831	13,5370617	8,33	1,821	15
254	1,4300000667572	-0,689999997615814	9,12333297729492	-7,17666673660278	113,440002441406	74,5299987792969	340,239990234375	3,33999991416931	1468,40991210938	1808,73999023438	1791,59008789062	1220,08996582031	19	66	15	5	4644	0,7877271	8,147	1,829	21
255	1,46429407596588	-0,412372231483459	8,37746906280518	-9,27023887634277	86,1883697509766	60,1659698486328	355,101623535156	4,74163913726807	1533,12670898438	1891,26391601562	1891,92309570312	1215,90014648438	19	66	15	6	4600	0,4057603	8,147	1,829	12
256	2,74000000953674	0,370000004768372	11,0633335113525	-6,40333366394043	43,2599983215332	36,8600006103516	273,890014648438	1,16999995708466	1517,90002441406	1784	1893,72998046875	1202,03002929688	19	66	15	10	4551	1,4232323	8,167	1,984	14
257	1,4300000667572	-0,689999997615814	9,12333297729492	-7,17666673660278	113,440002441406	74,5299987792969	340,239990234375	3,33999991416931	1468,40991210938	1808,73999023438	1791,59008789062	1220,08996582031	19	66	15	5	4644	0,7877271	8,147	1,829	22
258	1,41577887535095	-0,392757922410965	8,49534797668457	-9,49895000457764	92,2198333740234	66,913459777832	367,684020996094	6,04392528533936	1514,16369628906	1875,68237304688	1867,89208984375	1198,63977050781	19	66	15	8	4599	1,3917634	8,147	1,909	15
259	1,55333340167999	-0,646666705608368	9,15999984741211	-7,01999998092651	97,0499954223633	61,6399993896484	329,399993896484	2,61999988555908	1473,57006835938	1811,65002441406	1795,10998535156	1224,39001464844	19	66	15	5	4627	0,8114799	8,147	1,829	20
260	-2,35488867759705	-4,45919275283813	5,16281986236572	-13,7954072952271	65,6466674804688	50,5980682373047	311,070251464844	2,81294870376587	1507,69287109375	1827,47290039062	1864,638671875	1155,09545898438	19	66	15	9	4932	3,9246874	7,994	1,82	11
261	2,49695158004761	3,20682191848755	13,3916702270508	-7,80361175537109	14,2904930114746	8,44158554077148	190,873794555664	0,839958548545837	1622,751953125	1949,61962890625	2064,12768554688	1174,4306640625	19	66	15	3	4529	1,1961379	8,039	1,862	5
262	3,10015106201172	1,63666665554047	12,6400003433228	-8,70583152770996	32,3447189331055	8,1899995803833	147,899993896484	4,34273242950439	1614,33020019531	1922,02001953125	2076,27001953125	1171,32592773438	19	66	15	9	4605	0,9680096	8,039	1,862	9
263	2,49695158004761	3,20682191848755	13,3916702270508	-7,80361175537109	14,2904930114746	8,44158554077148	190,873794555664	0,839958548545837	1622,751953125	1949,61962890625	2064,12768554688	1174,4306640625	19	66	15	3	4529	1,1961379	8,039	1,862	7
264	3,42333340644836	2,82666659355164	13,3233327865601	-7,82666635513306	3,9300000667572	13,6000003814697	262,109985351562	1,25999999046326	1627,34997558594	1944,11010742188	1975,64001464844	1260,06005859375	19	66	15	9	4605	0,9680096	8,039	1,862	10
265	3,57666659355164	1,80666673183441	12,4933338165283	-6,13333320617676	25,6500015258789	53,0099983215332	289,309997558594	1	1618,38000488281	1857,75	2044,34008789062	1226,9599609375	19	66	15	3	4605	0,9680096	8,039	1,862	13
266	2,49178552627563	1,9946802854538	12,9778356552124	-8,09515380859375	34,867733001709	4,05786085128784	132,364791870117	3,20090770721436	1578,53881835938	1944,91674804688	2121,6494140625	1173,50659179688	19	66	15	5	4596	1,2829337	8,039	1,862	9
267	3,10015106201172	1,63666665554047	12,6400003433228	-8,70583152770996	32,3447189331055	8,1899995803833	147,899993896484	4,34273242950439	1614,33020019531	1922,02001953125	2076,27001953125	1171,32592773438	19	66	15	9	4605	0,9680096	8,039	1,862	12
268	2,45797252655029	1,95262920856476	12,9372453689575	-8,12292194366455	34,9118041992188	4,06284952163696	132,840484619141	3,20825576782227	1579,25805664062	1945,50952148438	2121,89575195312	1174,36853027344	19	66	15	3	4605	0,9680096	8,039	1,862	10
269	3,57666659355164	1,80666673183441	12,4933338165283	-6,13333320617676	25,6500015258789	53,0099983215332	289,309997558594	1	1618,38000488281	1857,75	2044,34008789062	1226,9599609375	19	66	15	3	4605	0,9680096	8,039	1,862	6
270	3,42333340644836	2,82666659355164	13,3233327865601	-7,82666635513306	3,9300000667572	13,6000003814697	262,109985351562	1,25999999046326	1627,34997558594	1944,11010742188	1975,64001464844	1260,06005859375	19	66	15	9	4605	0,9680096	8,039	1,862	8
271	4,57333326339722	3,88000011444092	13,2733335494995	-5,95333337783813	5,13000011444092	16,9300003051758	286,230010986328	1,33999991416931	1667,68994140625	1984,93994140625	1960,66003417969	1290,76000976562	19	66	15	6	4699	1,4098318	8,465	1,862	9
272	4,57333326339722	3,88000011444092	13,2733335494995	-5,95333337783813	5,13000011444092	16,9300003051758	286,230010986328	1,33999991416931	1667,68994140625	1984,93994140625	1960,66003417969	1290,76000976562	19	66	15	6	4699	1,4098318	8,465	1,862	8
273	-0,17651279270649	-0,571654736995697	10,0425834655762	-10,3017559051514	22,7710113525391	17,5045013427734	217,66569519043	0,979996144771576	1554,38952636719	1959,92138671875	2008,388671875	1148,11804199219	19	66	15	9	4806	1,4798974	8,224	1,894	12
274	0,596980333328247	-1,36809170246124	7,88290119171143	-10,7072982788086	74,7556457519531	49,7194213867188	312,881744384766	3,27528810501099	1506,06030273438	1833,7314453125	1889,02697753906	1153,2119140625	19	66	15	6	4568	1,1252507	8,057	1,812	13
275	-0,023233452811837	0,754000008106232	10,9479694366455	-10,6558723449707	16,5004215240479	3,52553153038025	160,59992980957	1,18618500232697	1694,65380859375	2032,60864257812	2079,01611328125	1263,89819335938	19	66	15	3	5065	11,6984005	8,096	2,068	5
276	-0,023233452811837	0,754000008106232	10,9479694366455	-10,6558723449707	16,5004215240479	3,52553153038025	160,59992980957	1,18618500232697	1694,65380859375	2032,60864257812	2079,01611328125	1263,89819335938	19	66	15	3	5065	11,6984005	8,096	2,068	3
277	-1,53004670143127	-2,44542789459229	10,2956981658936	-10,7482042312622	13,4619331359863	8,46105766296387	13,3045797348022	1,39978575706482	1702,74267578125	2186,79516601562	2415,40234375	1310,2626953125	18	72	10	4	4808	5,1821766	8,475	0,609	3
278	0,989588677883148	1,72485840320587	12,0612125396729	-9,46814918518066	12,8845186233521	5,80413436889648	184,601196289062	0,729219973087311	1640,02099609375	1965,65258789062	2046,37341308594	1199,36352539062	19	66	15	2	4701	1,6611608	8,039	1,862	3
279	2,90033340454102	1,50311589241028	13,9224166870117	-7,68779516220093	32,1329345703125	17,6317176818848	144,947692871094	1,24743545055389	1644,97216796875	1976,35986328125	2155,56811523438	1149,81420898438	19	66	15	3	4485	0,9072469	8,039	1,862	6
280	1,02756130695343	-1,25294578075409	11,4394969940186	-12,2454328536987	9,7196159362793	8,84907722473145	63,6637954711914	3,64048409461975	1662,17822265625	2105,07861328125	2151,64697265625	1258,96459960938	4	94	2	7	4797	8,5170622	8,138	2,068	5
281	3,04870462417603	1,07291769981384	13,2494630813599	-9,85277366638184	20,4119300842285	11,3059864044189	84,0025100708008	3,88116025924683	1630,3486328125	2087,7109375	2114,92626953125	1214,69140625	19	66	15	7	4602	0,3558767	8,224	1,894	4
282	3,42592477798462	2,16422700881958	13,0977754592896	-8,60441970825195	54,7770462036133	17,6074237823486	164,959762573242	3,11768865585327	1564,70532226562	1977,59765625	2045,44104003906	1129,04321289062	19	66	15	4	4441	1,1252507	8,039	1,862	9
283	3,25550103187561	1,93705725669861	13,2279691696167	-8,96000957489014	47,2926292419434	15,230073928833	144,699066162109	3,25830864906311	1573,0234375	2002,65539550781	2055,373046875	1140,76416015625	19	66	15	2	4486	3,9582148	8,096	1,862	8
284	2,90200757980347	1,53232550621033	12,1880149841309	-8,85670566558838	59,2696304321289	20,7452278137207	186,568878173828	2,63905119895935	1573,77453613281	1974,12634277344	2046,34301757812	1141,05395507812	19	66	15	2	4606	0,656184	8,039	1,862	10
285	3,04990458488464	1,08100342750549	13,2606678009033	-9,85202598571777	20,5206642150879	11,276798248291	84,2038269042969	3,83332514762878	1629,759765625	2087,095703125	2114,7470703125	1214,125	31	41	28	7	4599	1,0374498	8,224	1,894	6
286	3,4359176158905	1,81666672229767	13,2133331298828	-9,02750682830811	25,7641468048096	6,05999994277954	136,059997558594	2,64565896987915	1666,23522949219	1985,86999511719	2081,84008789062	1195,50891113281	19	66	15	9	4472	0,878893	8,096	2,071	2
287	-0,909856498241425	-1,73819053173065	10,9444284439087	-10,3124952316284	11,5382795333862	8,66611385345459	12,1299591064453	1,41469943523407	1692,03942871094	2176,1123046875	2413,7255859375	1295,60925292969	4	94	2	10	4430	1,8554008	8,046	2,867	2
288	3,13535952568054	1,70666670799255	12,8033332824707	-8,93960857391357	31,3219795227051	7,1399998664856	146,260009765625	3,39039278030396	1626,70520019531	1925,19995117188	2066,51000976562	1175,54870605469	19	66	15	10	4500	7,7182012	8,039	1,862	5
289	-2,03874206542969	-5,19000005722046	6,97666692733765	-13,9884576797485	4,7542028427124	21,4200000762939	141,220001220703	2,45394086837769	1734,62756347656	2218,01000976562	2153,39990234375	1270,60180664062	18	72	10	4	5195	30,9774303	8,475	0,609	5
290	2,14954876899719	0,063333429396153	11,7566661834717	-9,91813087463379	3,91416573524475	8,84999942779541	104,360000610352	1,37868165969849	1674,37524414062	2150,07006835938	2159,76000976562	1204,54663085938	4	94	2	8	4321	9,0750952	8,081	1,54	5
291	2,04411554336548	2,33829975128174	14,3980312347412	-6,37474346160889	6,57492208480835	2,45535397529602	48,5490379333496	0,383383631706238	1670,13659667969	2045,8359375	2344,17724609375	1244,95922851562	19	66	15	9	4461	1,817522	8,096	2,071	4
292	2,8071403503418	3,66129660606384	13,8372163772583	-7,58231210708618	13,6989164352417	6,91251277923584	184,709701538086	0,881401538848877	1624,58764648438	1947,89270019531	2062,2490234375	1173,45751953125	19	66	15	2	4441	0,656184	8,039	1,862	8
293	1,6836062669754	2,77676129341125	13,019793510437	-9,52447986602783	15,8595266342163	1,47402036190033	125,025436401367	2,42142152786255	1685,58740234375	2057,25317382812	2082,05590820312	1249,08044433594	19	66	15	3	4601	0,711726	8,224	1,894	7
294	1,6836062669754	2,77676129341125	13,019793510437	-9,52447986602783	15,8595266342163	1,47402036190033	125,025436401367	2,42142152786255	1685,58740234375	2057,25317382812	2082,05590820312	1249,08044433594	19	66	15	3	4601	0,711726	8,224	1,894	6
295	1,55545270442963	1,52065455913544	13,7245979309082	-6,59770774841309	11,3695945739746	1,51161420345306	30,2797412872314	0,442454516887665	1703,59887695312	2115,7060546875	2387,19091796875	1280,43530273438	31	41	28	2	4599	1,0374498	8,224	1,894	3
296	2,8071403503418	3,66129660606384	13,8372163772583	-7,58231210708618	13,6989164352417	6,91251277923584	184,709701538086	0,881401538848877	1624,58764648438	1947,89270019531	2062,2490234375	1173,45751953125	19	66	15	2	4441	0,656184	8,039	1,862	5
297	-1,5595246553421	-2,31839156150818	10,4103908538818	-11,0493011474609	8,72859668731689	10,0719242095947	13,0498991012573	0,954261302947998	1687,14367675781	2160,75830078125	2392,49487304688	1297,77124023438	18	72	10	7	4614	4,4304023	8,475	0,609	4
298	-1,16195905208588	-1,82824492454529	10,877911567688	-9,59087753295898	15,0056848526001	4,78220415115356	18,2102127075195	0,661686778068542	1720,66198730469	2178,45703125	2410,49365234375	1322,99243164062	4	94	2	3	4791	14,9920225	8,096	2,446	4
299	0,50833934545517	1,25480914115906	11,6394004821777	-11,6907558441162	13,269889831543	2,44428038597107	76,7618179321289	6,07370567321777	1657,5283203125	2077,26318359375	2068,30126953125	1224,5458984375	19	66	15	8	4406	9,153676	8,081	3,119	2
300	2,30392718315125	2,60061597824097	14,3113679885864	-6,36390399932861	7,96386337280273	6,12708711624146	82,0092239379883	0,449449360370636	1643,16198730469	1991,52465820312	2301,97827148438	1217,81652832031	19	66	15	2	4449	0,7957236	8,039	1,862	9
301	3,70000004768372	3,75666666030884	14,7066669464111	-7,70666694641113	2,53999996185303	3,3600001335144	177,75	0,879999995231628	1662,71997070312	2001,71997070312	2089,85986328125	1276,7900390625	19	66	15	10	4472	0,961448	8,096	2,071	2
302	3,13535952568054	1,70666670799255	12,8033332824707	-8,93960857391357	31,3219795227051	7,1399998664856	146,260009765625	3,39039278030396	1626,70520019531	1925,19995117188	2066,51000976562	1175,54870605469	19	66	15	10	4500	7,7182012	8,039	1,862	4
303	3,2433614730835	1,53212761878967	14,4248456954956	-8,27240371704102	18,3220558166504	11,2529296875	107,82886505127	1,78428137302399	1687,44799804688	2010,31823730469	2189,19580078125	1175,52905273438	19	66	15	10	4483	1,2829337	8,096	2,071	4
304	3,52666664123535	3,36666679382324	14,3999996185303	-7,59000015258789	2,01999998092651	1,52999997138977	134,400009155273	0,769999980926514	1697,84997558594	2043,82995605469	2137,52001953125	1300,30004882812	19	66	15	2	4598	0,4640023	8,224	1,894	5
305	-0,97654789686203	-0,793636918067932	11,5333023071289	-9,63046932220459	5,88381814956665	10,2468910217285	54,4559478759766	0,379715710878372	1645,91088867188	2019,52563476562	2275,5625	1261,626953125	19	66	15	6	4717	2,4692194	8,096	2,071	4
306	3,48666667938232	3,22000002861023	13,9566669464111	-7,90333318710327	3,34999990463257	9,0600004196167	232,039993286133	1,0900000333786	1630,419921875	1954,9599609375	2013,40991210938	1259,21997070312	19	66	15	2	4499	1,3502245	8,039	1,862	5
307	1,05610585212708	2,02459621429443	12,5261898040771	-10,9764766693115	13,8768653869629	0,623515903949738	80,9496688842773	6,3681788444519	1673,92614746094	2125,17553710938	2089,73046875	1247,37377929688	4	94	2	6	4378	0,7957236	8,138	2,446	2
308	-0,441029459238052	0,224530935287476	10,6851043701172	-12,6139078140259	13,5714492797852	1,64917969703674	75,9764175415039	6,47416543960571	1672,45922851562	2108,89672851562	2077,67846679688	1247,87719726562	18	72	10	8	4459	3,5982852	8,475	0,609	3
309	2,85559415817261	1,42203032970428	13,9356889724731	-7,84898042678833	30,0089015960693	17,0637283325195	139,826049804688	1,31184184551239	1653,15844726562	1981,00854492188	2162,91186523438	1155,3037109375	19	66	15	2	4499	1,3502245	8,039	1,862	7
310	2,40686631202698	2,29458713531494	15,0382232666016	-9,53235530853271	14,2836332321167	2,4740309715271	161,269317626953	13,0434036254883	1600,03588867188	2048,41040039062	2185,05346679688	1193,5009765625	19	66	15	10	4472	0,961448	8,096	2,071	4
311	2,55610942840576	2,68680381774902	14,7633285522461	-7,95349597930908	21,6137199401855	3,67248129844666	187,656295776367	12,1272020339966	1579,13122558594	2016,1630859375	2156,88745117188	1186,03771972656	19	66	15	6	4496	1,915765	8,45	2,196	7
312	3,92666673660278	3,65999984741211	14,1500005722046	-7,25	3,21000003814697	9,22000026702881	235,419998168945	1,0699999332428	1640,13000488281	1964,55004882812	2016,43994140625	1266,89001464844	19	66	15	6	4496	1,915765	8,45	2,196	6
313	1,29453253746033	2,49202704429626	12,8181934356689	-10,5871114730835	18,6542682647705	1,21855914592743	79,6130523681641	7,11087226867676	1673,76196289062	2147,79516601562	2086,80419921875	1257,24743652344	4	94	2	8	4335	2,1490564	8,138	2,446	3
314	2,82630801200867	2,04596710205078	13,7345561981201	-8,72625923156738	16,7791900634766	1,04902791976929	89,7708740234375	4,15608692169189	1599,88110351562	2012,87768554688	2224,263671875	1197,19604492188	19	66	15	10	4479	0,9279436	8,096	2,071	5
315	2,58932137489319	1,21787369251251	13,322473526001	-7,5475001335144	39,2306480407715	17,2320976257324	166,776138305664	0,916999876499176	1637,337890625	1985,68481445312	2137,32250976562	1152,13415527344	19	66	15	2	4606	0,656184	8,039	1,862	9
316	2,09977960586548	2,33804559707642	14,6697549819946	-8,67169189453125	20,5449638366699	4,2395715713501	178,270889282227	11,3726863861084	1568,93481445312	2004,8837890625	2160,47705078125	1182,62512207031	19	66	15	2	4469	0,8570117	8,039	1,862	6
317	3,51666665077209	1,87333333492279	12,7433338165283	-6,36333322525024	24,7399997711182	55,1199989318848	272,100006103516	0,879999995231628	1634,48999023438	1876,66003417969	2064,53002929688	1227,52001953125	19	66	15	6	4500	7,7182012	8,039	1,862	5
318	-0,937252461910248	-0,208086967468262	10,3523588180542	-12,6566247940063	14,903639793396	0,777154564857483	97,954460144043	4,84235906600952	1711,82470703125	2137,76440429688	2089,45971679688	1295,99597167969	4	94	2	7	4791	14,9920225	8,096	2,446	5
319	1,55545270442963	1,52065455913544	13,7245979309082	-6,59770774841309	11,3695945739746	1,51161420345306	30,2797412872314	0,442454516887665	1703,59887695312	2115,7060546875	2387,19091796875	1280,43530273438	31	41	28	2	4599	1,0374498	8,224	1,894	6
320	2,53815102577209	1,16005909442902	13,2652769088745	-7,58672571182251	39,3556137084961	17,183069229126	167,435638427734	0,904655456542969	1638,46630859375	1987,00012207031	2137,48120117188	1153,50720214844	19	66	15	2	4611	1,5911403	8,039	1,862	11
321	2,31859183311462	2,17632675170898	14,932767868042	-9,62042808532715	14,2672834396362	2,47763466835022	161,693878173828	13,1690826416016	1601,57543945312	2049,45654296875	2184,759765625	1195,28527832031	19	66	15	10	4483	1,2829337	8,096	2,071	3
322	2,85559415817261	1,42203032970428	13,9356889724731	-7,84898042678833	30,0089015960693	17,0637283325195	139,826049804688	1,31184184551239	1653,15844726562	1981,00854492188	2162,91186523438	1155,3037109375	19	66	15	3	4499	1,3502245	8,039	1,862	6
323	3,63666653633118	2,01999998092651	12,8866662979126	-6,25666666030884	24,9000015258789	55,060001373291	270,869995117188	0,879999995231628	1631,85998535156	1874,84997558594	2064,80004882812	1224,97998046875	19	66	15	2	4499	1,3502245	8,039	1,862	7
324	3,40759110450745	1,78333342075348	13,1833333969116	-9,05197811126709	25,8464870452881	6,15000009536743	136,570007324219	2,64589333534241	1666,166015625	1985,51000976562	2081,39990234375	1195,75952148438	19	66	15	10	4483	1,2829337	8,096	2,071	4
325	2,54666686058044	0,203333258628845	12,0866661071777	-8,49666690826416	3,3199999332428	34,5199966430664	123,300003051758	1,47000002861023	1719,02001953125	2080,76000976562	2075,01000976562	1201,28002929688	4	94	2	8	4321	9,0750952	8,081	1,54	4
326	2,18666672706604	1,93333339691162	13,6499996185303	-9,54666709899902	3,20000004768372	2,6800000667572	68,3000030517578	0,849999964237213	1671,88012695312	2098,53002929688	2183,06005859375	1232,169921875	4	94	2	8	4321	9,0750952	8,081	1,54	5
327	3,61333322525024	3,64999985694885	14,6033334732056	-7,78999996185303	2,53999996185303	3,34000015258789	178,020004272461	0,879999995231628	1664,63000488281	2003,19995117188	2089,48999023438	1278,7099609375	19	66	15	10	4483	1,2829337	8,096	2,071	3
328	3,18527412414551	0,936666667461395	12,8233337402344	-9,55127716064453	22,5345878601074	6,60999965667725	122,290000915527	5,37499618530273	1706,25244140625	2054,97998046875	2105,98999023438	1214,53833007812	19	66	15	2	4598	0,4640023	8,224	1,894	9
329	3,79333353042603	1,80999994277954	13,1466665267944	-6,39333343505859	7,6399998664856	37,5900001525879	184,869995117188	1,20000004768372	1740,20007324219	2019,08996582031	2111,89990234375	1252,78002929688	19	66	15	2	4598	0,3376147	8,224	1,894	5
330	3,81000018119812	2,1966667175293	13,3166666030884	-6,32999992370605	16,2299995422363	49,1199989318848	229,960006713867	0,949999988079071	1689,72998046875	1952,52001953125	2103,96997070312	1238,16003417969	19	66	15	9	4472	0,878893	8,096	2,071	5
331	2,54666686058044	0,203333258628845	12,0866661071777	-8,49666690826416	3,3199999332428	34,5199966430664	123,300003051758	1,47000002861023	1719,02001953125	2080,76000976562	2075,01000976562	1201,28002929688	4	94	2	8	4321	9,0750952	8,081	1,54	4
332	2,82630801200867	2,04596710205078	13,7345561981201	-8,72625923156738	16,7791900634766	1,04902791976929	89,7708740234375	4,15608692169189	1599,88110351562	2012,87768554688	2224,263671875	1197,19604492188	19	66	15	10	4479	0,9279436	8,096	2,071	4
333	2,12053751945496	2,31574773788452	14,5822954177856	-8,53820610046387	21,1205654144287	4,12088584899902	181,81120300293	11,5134706497192	1571,47973632812	2006,99609375	2158,64428710938	1184,66833496094	19	66	15	2	4499	1,3502245	8,039	1,862	8
334	0,569723308086395	-1,57467579841614	11,73717212677	-11,4935541152954	20,2806148529053	13,0488796234131	116,839584350586	2,69478321075439	1665,80773925781	1968,55493164062	2102,64990234375	1193,33544921875	19	66	15	7	4717	2,4692194	8,096	2,071	3
335	-1,83333337306976	-3,07999992370605	9,05666637420654	-13,5299997329712	5,48999977111816	2,98000001907349	72,0299987792969	0,620000004768372	1729,5	2156,52001953125	2166,22998046875	1292,17004394531	18	72	10	4	5195	30,9774303	8,475	0,609	6
336	0,569723308086395	-1,57467579841614	11,73717212677	-11,4935541152954	20,2806148529053	13,0488796234131	116,839584350586	2,69478321075439	1665,80773925781	1968,55493164062	2102,64990234375	1193,33544921875	19	66	15	6	4717	2,4692194	8,096	2,071	5
337	2,21295666694641	2,01886677742004	14,8402290344238	-9,85632991790771	13,7299880981445	2,3598837852478	159,397079467773	13,3353319168091	1604,52026367188	2053,46508789062	2186,57641601562	1197,71984863281	19	66	15	3	4472	10,7399168	8,096	2,068	4
338	2,21617031097412	2,02718091011047	14,8507862091064	-9,85977268218994	13,7087106704712	2,35530710220337	159,146209716797	13,3020706176758	1604,29248046875	2053,32421875	2186,75048828125	1197,57482910156	19	66	15	4	4471	0,3376147	8,096	2,071	6
339	3,81000018119812	2,1966667175293	13,3166666030884	-6,32999992370605	16,2299995422363	49,1199989318848	229,960006713867	0,949999988079071	1689,72998046875	1952,52001953125	2103,96997070312	1238,16003417969	19	66	15	9	4472	0,878893	8,096	2,071	5
340	3,52666664123535	3,36666679382324	14,3999996185303	-7,59000015258789	2,01999998092651	1,52999997138977	134,400009155273	0,769999980926514	1697,84997558594	2043,82995605469	2137,52001953125	1300,30004882812	19	66	15	2	4598	0,4640023	8,224	1,894	6
341	2,46422958374023	2,63965320587158	14,0975275039673	-6,37104892730713	11,0318613052368	13,4221086502075	113,077987670898	0,587793171405792	1620,65649414062	1958,91882324219	2269,36254882812	1202,0771484375	19	66	15	7	4423	0,4057603	8,039	1,862	7
342	3,79333353042603	1,80999994277954	13,1466665267944	-6,39333343505859	7,6399998664856	37,5900001525879	184,869995117188	1,20000004768372	1740,20007324219	2019,08996582031	2111,89990234375	1252,78002929688	19	66	15	10	4598	0,3376147	8,224	1,894	8
343	2,04627299308777	2,28064560890198	14,6203575134277	-8,72292900085449	20,5721759796143	4,29394578933716	178,223281860352	11,3685102462769	1568,85327148438	2004,46936035156	2160,12915039062	1183,1103515625	19	66	15	7	4477	0,1591545	8,039	1,862	9
344	3,18527412414551	0,936666667461395	12,8233337402344	-9,55127716064453	22,5345878601074	6,60999965667725	122,290000915527	5,37499618530273	1706,25244140625	2054,97998046875	2105,98999023438	1214,53833007812	19	66	15	2	4598	0,4640023	8,224	1,894	11
345	2,64019298553467	3,04036331176758	13,1494646072388	-7,54140043258667	14,922568321228	11,8791818618774	198,899993896484	0,894547343254089	1618,98193359375	1959,78076171875	2079,05908203125	1172,77416992188	19	66	15	2	4606	0,656184	8,039	1,862	6
