"RMSERegLasso" "RMSERegRidge" "RMSERegelasticnet"
"1" 4.87543405268911 4.81463940058631 4.71047349780589
"2" 4.99763916028041 4.88254394672913 4.85300614979528
"3" 5.12802681730407 4.98512999423265 5.01909525969756
"4" 4.9709178816456 4.85933562234891 4.94691250401367
"5" 4.35311668397176 4.51394978048197 4.39971512392093
"6" 5.32823987175379 5.07715204018257 5.03478039249349
"7" 4.94123951588488 4.89783720084563 4.75362267493146
"8" 5.13040401434178 5.11558988014227 4.99425926875484
"9" 5.22341943887716 5.01503487717936 5.12052938699004
"10" 5.00567064962642 4.86960637438042 4.77928656028201
"11" 4.95748410633568 5.03337345866513 5.02396937837581
"12" 4.3053706234038 4.23422192043762 4.19205690273606
"13" 5.29614988276002 5.35287641188403 5.23435206134455
"14" 5.42770548723577 5.37630182447734 5.25148072909182
"15" 4.770624639939 4.6027105210205 4.69268738863474
"16" 4.97432878465257 4.91519568204577 4.79387062472034
"17" 4.75621213590317 4.60842929166977 4.58786275863782
"18" 5.2251176610678 5.16223242430158 5.22310299812563
"19" 5.39593416742329 5.1796883586688 5.21702574026338
"20" 4.78006251584661 4.59196462283774 4.55209269176063
"21" 5.06177982925788 5.12438316258315 4.98870669074111
"22" 4.36052459058218 4.36867313729911 4.36808452239279
"23" 5.42090259297243 5.19654485940645 5.16577081817318
"24" 5.30192705363882 5.04330526974145 5.05547186868943
"25" 4.94839683625214 5.09560188838454 5.06034765133423
"26" 4.87825642304003 4.96107201215009 4.94774076579086
"27" 5.79397288179017 5.62989312646765 5.68947950022849
"28" 4.97079534581212 4.80402857658854 4.79472738602269
"29" 5.16308904814799 5.20685701153491 5.15144895378855
"30" 5.09092392829261 5.00457783446477 5.05273360745861
"31" 4.90977335188165 4.8275898924378 4.87016909575345
"32" 5.37601468794089 5.27335821224975 5.26638845426257
"33" 4.98860510644357 4.89151747169205 4.92561064364297
"34" 4.97604581341902 4.91466811614861 4.93102914244764
"35" 5.2960352002637 5.07514555012064 5.11176986454676
"36" 4.63164895160501 4.69825274797018 4.69196932265535
"37" 4.73919234159865 4.50021326892928 4.61599809126113
"38" 5.36299657991794 5.12175382652564 5.05029348459498
"39" 5.15921608576794 5.14782554601136 5.11706921169836
"40" 4.80501916909647 4.68641221041119 4.78333080587651
"41" 4.83435322809667 4.87864683119149 4.77033795710623
"42" 4.5089454021086 4.4093640599982 4.4489247757226
"43" 5.43782582866694 5.22008054406747 5.36019441600349
"44" 4.43237323597573 4.34162079973296 4.40648195706871
"45" 4.88998074539907 4.66586958803979 4.61729236338036
"46" 5.13879933158602 5.0017469420817 4.89023930947105
"47" 4.90062111916534 4.83890258346771 4.64634682429622
"48" 5.01631753408237 4.98655050195217 4.9577532952876
"49" 5.30897294817672 5.32313114014966 5.26911049674693
"50" 5.78319161151894 5.41231884105342 5.42692738870019
"51" 4.65965340799052 4.73909946550988 4.64344963617008
"52" 4.57246372522714 4.38940719485842 4.41402934895942
"53" 5.11991670452811 5.04900315279748 5.03064106892809
"54" 4.776783650363 4.70034866376984 4.74473947362883
"55" 4.78728079670798 4.81925419878617 4.72943432912134
"56" 4.19280788369798 4.09463436857302 4.09172433452838
"57" 5.38520231523146 5.18872399986029 5.22260288493386
"58" 4.23074169116694 4.06302590335453 4.05950223761356
"59" 4.8911345141428 4.91714888378379 4.70505221402095
"60" 4.37886452165997 4.49574231434854 4.45406531025777
"61" 5.27261102303478 5.06169507924813 5.08817011258808
"62" 4.71063675473465 4.67014591505887 4.53290709053972
"63" 5.09759162852951 4.8324019977609 4.89363963556216
"64" 4.9556725745748 5.01803806199803 4.92750384817605
"65" 5.42417849905235 5.34146455008691 5.33870339637735
"66" 5.15732913823263 4.94635567879731 4.97173520468591
"67" 5.28251115181715 5.27086590049602 5.23240239309846
"68" 4.39839117234372 4.26484414117569 4.26205144902414
"69" 4.68835189886566 4.54090190081694 4.56832353769121
"70" 4.87965793374631 4.72153163163111 4.68749515184843
"71" 5.4659672902054 5.29648601789003 5.21825881514895
"72" 4.4783845784161 4.35122477641358 4.28900457352633
"73" 5.15805458694022 4.97090368273972 4.87250882307902
"74" 5.26935507877922 5.32644838646296 5.21599743226115
"75" 4.26316181339816 3.98435505151557 3.96368470385658
"76" 4.66725496122363 4.66622498775283 4.69559709094808
"77" 4.56065284878922 4.42806884565237 4.48041348438253
"78" 4.83443400254926 4.81703770438022 4.85672231802837
"79" 5.37664762367232 5.31087705580757 5.47192660711843
"80" 4.21728654417103 4.20305084494462 4.17246811246015
"81" 5.99002284920188 5.82407272335046 5.83469486505419
"82" 5.07130404731474 4.73673353594742 4.72277810878163
"83" 4.60120441841992 4.59521791615885 4.56476688303668
"84" 5.02860068312297 4.80025018381273 4.75366744278916
"85" 4.74572125067637 4.78720306206365 4.85145611294177
"86" 4.65084466139426 4.52280452539607 4.51100465170592
"87" 5.08223558874267 4.95484534877288 5.00519296777359
"88" 4.30352050795037 4.20870824996706 4.27639911416246
"89" 5.07750789419294 5.04386077313884 4.91572651686914
"90" 4.7924489470275 4.82363563494693 4.81417689092528
"91" 4.7653504624077 4.86706555239971 4.76374581626482
"92" 4.92496396557791 4.72039193358679 4.80552360722341
"93" 4.97656692481566 4.77209898399838 4.7220495151086
"94" 4.62338790568834 4.44733850143058 4.45272325464161
"95" 5.37681876238587 5.27479311472178 5.2622371405882
"96" 4.98961916895295 4.7093070428012 4.80786316973808
"97" 4.84462486825908 4.93384004536089 4.88073425548926
"98" 4.08256794345099 4.052026906853 4.08844666257571
"99" 5.00234354624329 5.01027382821668 5.01750304845823
"100" 4.47063351675056 4.46003865160443 4.41311807241936
"101" 4.69908397448608 4.67030320255369 4.58538639244929
"102" 4.52847859112515 4.44034663287937 4.40963062577923
"103" 4.78615252396238 4.7113339587078 4.60845192705328
"104" 5.30587062235437 5.00158356493991 4.99285877473459
"105" 4.50028770423825 4.51727900068082 4.60510999263086
"106" 5.00044995685571 4.97176971278921 4.96907159001717
"107" 5.53542634606058 5.50665589493307 5.54761747858038
"108" 4.4349087653509 4.47392873581209 4.47663020773781
"109" 5.04164798962374 5.07684646809061 5.05942669409484
"110" 5.2002522596842 5.25301212756193 5.23524695396543
"111" 4.39109269769882 4.40838180276387 4.33767606168887
"112" 5.41388304473923 5.14559338269605 5.17503692449752
"113" 5.20495508653 5.08527662127717 5.03836283790269
"114" 5.09590519105741 5.05046344632021 5.04253781266311
"115" 5.5229495653914 5.30678571240421 5.34578601495738
"116" 4.79460044958315 4.60372930422917 4.68775410493767
"117" 4.77113080011855 4.70058675852359 4.71693947636734
"118" 4.45002148231821 4.39232666851516 4.32465554120692
"119" 4.79568901312101 4.60702744401429 4.57975925147264
"120" 5.09242848165349 5.18451321002944 4.99210133886213
"121" 5.19575130350272 5.3724287125326 5.32411882492914
"122" 5.44654111689745 5.43515568768776 5.41246863122325
"123" 4.65893982427258 4.55853860715714 4.56423377940801
"124" 4.72478982879546 4.60212378225999 4.47410592977705
"125" 5.20929135215197 5.2792317453243 5.34480995781236
"126" 4.5658044780603 4.4928061904574 4.46799145953332
"127" 5.08908862489753 5.07739681199399 5.01060228109507
"128" 4.77290444134252 4.70859659295758 4.72072576838652
"129" 4.26754928644421 4.36301764940607 4.16595510190327
"130" 4.6712869169723 4.69876332833477 4.68604700812679
"131" 4.68668666009691 4.67944803348513 4.62546374066548
"132" 5.16420955675899 5.04746918963322 5.11434718225429
"133" 5.06414879418598 4.90610471168806 4.98025847372367
"134" 4.08147396745639 4.07611046282983 4.04171686626759
"135" 4.79645597151029 4.95342566518933 4.83894053914666
"136" 4.98245346030459 4.67042978144417 4.71602611965777
"137" 5.08614220911374 4.96681837314456 5.02170963094028
"138" 4.56710826311627 4.54266640970059 4.4774515757925
"139" 5.43637289214806 5.3191387001015 5.29341509262162
"140" 4.49587598218497 4.46628559803298 4.48718684022921
"141" 4.98289137065468 5.10216539596865 4.96715629678913
"142" 4.41716327169574 4.18769224383285 4.15503378516069
"143" 5.3704182401189 5.20841456775386 5.44914750476438
"144" 4.8323324682779 4.64509940680494 4.64777870211147
"145" 4.34018617017161 4.53286527549239 4.47428117073364
"146" 5.11957317481497 4.99666450850352 4.99207440090374
"147" 5.10816332510189 5.11465559207433 5.07366655117778
"148" 5.68916526788105 5.54156377602203 5.49396311655225
"149" 5.20033720761323 5.03328512874963 5.17851355383733
"150" 5.09891300017764 5.15407142529851 5.13134150116119
"151" 4.99615602399904 4.85472062201095 4.81976830400744
"152" 4.44130243326972 4.43711820683766 4.40706496923645
"153" 5.39907600607538 5.32918473204086 5.30910863462612
"154" 5.09474226543409 4.70320433406865 4.73769797435744
"155" 4.04853646688857 3.8383460139194 3.80573878362023
"156" 5.61466549087858 5.64868737027689 5.56387208144212
"157" 4.98650167721585 4.85944197528596 4.92244753044051
"158" 4.30851074165914 4.15955923181721 4.15791465897075
"159" 5.28493393337139 5.1875469367792 5.10175833266029
"160" 4.35455657708683 4.35676051467363 4.3627176909899
"161" 5.44491035624538 5.2330033210474 5.41665430744995
"162" 5.02458133396907 4.82525893944596 4.8873552059178
"163" 4.73101223468518 4.68148552745354 4.66427208883342
"164" 5.19635988983079 4.93758137664223 4.9547505515857
"165" 4.71963388497042 4.81905636429731 4.79293303861485
"166" 4.60074892520645 4.35353289478953 4.41290409416207
"167" 4.65972810190966 4.70920674114822 4.73391257851683
"168" 5.18614536029135 5.18320715862919 5.18315530800402
"169" 5.53797191769603 5.36823254243368 5.4224908405077
"170" 4.63812660024963 4.38949570910181 4.51609427716287
"171" 5.1601854530401 5.22237805508745 5.09989719419932
"172" 4.92280081865044 4.78947050910612 4.61000942370389
"173" 5.31414030255079 5.04825309859174 4.97787396383188
"174" 5.27241321168116 5.03033864652224 5.08732746887201
"175" 4.86666027626125 4.63939570319649 4.70095795776494
"176" 5.49555153443294 5.37749213722032 5.43565608339955
"177" 4.49117549752296 4.6393343036331 4.40255347824315
"178" 5.12201251087385 5.08007548494208 5.00341350290164
"179" 4.51986760762683 4.53329717154309 4.3391790936397
"180" 4.50266851862771 4.25310007033171 4.27035618635151
"181" 4.99925384110597 4.95956244972402 4.94423786909112
"182" 4.3174161603362 4.01420307725664 4.05759872969178
"183" 4.92574741967544 4.98573442529596 4.9792711206092
"184" 5.22630946250814 5.23483160268164 5.1176038228539
"185" 4.68147920699278 4.56415150786728 4.49003697800827
"186" 5.00503647390605 4.7905107323634 4.75031033211029
"187" 4.27699711122875 4.25598611093883 4.24735748988054
"188" 4.93479013518566 4.89766551572947 4.80129118656206
"189" 4.55168171732587 4.72959002148862 4.66067940256139
"190" 5.87258391647855 5.82189792439963 5.90636008292671
"191" 4.50413306549265 4.56256158266027 4.49382189539762
"192" 4.41883291789326 4.36369193094766 4.27031781722875
"193" 4.85761878227499 4.32602494840116 4.57300846835764
"194" 4.76144478371052 4.51016297230064 4.46288826033074
"195" 4.97756612906899 4.811216061212 4.87629116163248
"196" 4.45682298494475 4.48898599266223 4.46243467344792
"197" 4.5263460423852 4.34588163188657 4.33526117881766
"198" 5.10511291279924 4.96732109744335 5.01398034115638
"199" 5.57878626115394 5.27907374921335 5.29177385760863
"200" 4.51750373071573 4.48077926228604 4.43665423628465
"201" 5.23772117869965 5.26296526252904 5.35907432944558
"202" 4.98891640666438 5.02364423296507 5.01269690858596
"203" 4.02295750858272 4.05724009672154 4.05736006219699
"204" 5.29739915916937 4.98754506003484 5.06800910484044
"205" 5.17755770633526 5.16344908907312 5.08387350253054
"206" 5.46189233750564 5.50308443437719 5.4413940603518
"207" 4.97509696276747 5.00415144909074 4.85091937812477
"208" 4.74802759903035 4.63886463410293 4.67199599231333
"209" 4.43443769425597 4.53169160540194 4.46430723308723
"210" 4.85730061482799 4.79518829624026 4.77335586885872
"211" 4.40904425278573 4.21028909208349 4.18538784149244
"212" 4.63739222506713 4.57611460343285 4.59290679779539
"213" 4.71351836058829 4.67554885383259 4.64184235972518
"214" 5.79772134077247 5.63223824729041 5.55015816377268
"215" 4.47682532600308 4.32193266298713 4.36110354478407
"216" 4.89616408180748 4.89183530844207 4.91116423907587
"217" 4.80603764897706 4.86292412131914 4.85986550268865
"218" 4.44020490157147 4.28505077937257 4.22702689002544
"219" 4.79655169944215 4.608256250831 4.5713024018479
"220" 4.92474772779785 4.86130493760294 4.80774877278757
"221" 4.58040598555067 4.30759000347072 4.40166544717371
"222" 4.80325792679147 4.73520976855509 4.78325147618156
"223" 5.39333702263387 5.45608751919122 5.38488060805349
"224" 4.39511011819903 4.51862268279055 4.58974358446191
"225" 5.46301695608203 5.3041327771994 5.31124721518353
"226" 4.8713483444902 4.60820751383359 4.54129880808266
"227" 5.54331127972124 5.48495799198182 5.4614045172062
"228" 5.48622951385212 5.25953975587002 5.36609606821625
"229" 5.31752099599565 5.41686094471017 5.31575362378118
"230" 5.46182193505435 5.19032464328437 5.35526214318251
"231" 5.61340305260467 5.65091948310498 5.61929704679673
"232" 4.46579674150953 4.37430782104868 4.25334164314112
"233" 4.30686600614922 4.37583861238803 4.3700966173296
"234" 4.87770496296068 4.6666651811553 4.70331051331888
"235" 4.94214551490663 4.78625964721419 4.73883582635761
"236" 4.32801584738165 4.38015360977691 4.37169803810607
"237" 5.15761111743211 4.87684322091879 4.95407490149002
"238" 4.9663189571545 4.86354345367918 4.85169810734922
"239" 5.05145464085103 5.0089871876488 4.93034699409637
"240" 4.75881365931481 4.52378274986369 4.55915455915445
"241" 4.69607834244965 4.47460505087921 4.54488955635824
"242" 5.36380964144037 5.38361351287767 5.16987623507062
"243" 4.57643350376508 4.43533017607748 4.46450295289258
"244" 5.17264955579685 5.08159420918149 4.98244710561654
"245" 4.61173205929784 4.67515427944176 4.68662151735381
"246" 4.73997437130663 4.60756976613858 4.60533639245264
"247" 4.9392058699227 4.71157155941413 4.79631501763036
"248" 4.73424268578852 4.66711022495209 4.68069915111138
"249" 4.64346068327107 4.80963164873655 4.74480568917738
"250" 4.80889124174988 4.66805062377029 4.63528958188184
"251" 5.28127145882607 5.40312949775016 5.22271920808591
"252" 4.8901261334414 4.80088716041683 4.69961824541287
"253" 4.35798165296276 4.49689898990215 4.42327160120056
"254" 5.02321229472843 4.91409781626635 4.9540250382634
"255" 5.55944312294945 5.41823752256287 5.51008784579011
"256" 4.95562754314319 5.10465871667227 5.13792317107392
"257" 4.83172973619382 4.83322647443334 4.74191481924407
"258" 4.75414841792043 4.90382570351115 4.82468932825569
"259" 5.40737977766923 5.24012136399112 5.26354789736789
"260" 5.00424892100722 4.91302518027123 4.81066026292631
"261" 4.65477587137945 4.35160039620231 4.37845683004438
"262" 5.04658934538735 4.99623191545971 4.86926465661419
"263" 5.30416155511186 5.21588994939182 5.15111455343029
"264" 4.89914420273863 4.83318638623144 4.78438693293744
"265" 4.98567130904237 4.87455816523087 4.89819881505955
"266" 5.58725071560837 5.25567841215352 5.29743779951227
"267" 4.88810488027181 5.09907370057739 5.10472667115416
"268" 4.8569826164897 4.86621331827468 4.87236232421974
"269" 4.8500146955599 4.73584926610322 4.78941521009324
"270" 4.94510057003683 4.81525207834537 4.88098030781024
"271" 4.75676036486843 4.72477677812447 4.8093682405875
"272" 4.33235506702494 4.44611570155074 4.3958796253106
"273" 4.87046338764338 4.77787600293002 4.86219272960451
"274" 4.50418758520098 4.5107846841406 4.49035632327911
"275" 4.84367465390346 4.81620201928833 4.83592684247712
"276" 4.80282336577815 4.66056629452518 4.57771425733109
"277" 5.59093041705345 5.49606842822913 5.35379753982251
"278" 4.88989136982677 4.83558371284513 4.83824110807556
"279" 5.10296329690008 4.84143198117321 4.8872813428796
"280" 4.82450263614881 4.7373795274491 4.71300865502535
"281" 4.83410301005003 4.77282579411374 4.78285353844494
"282" 4.45139417905906 4.30229077578919 4.36375435286124
"283" 5.10473258410994 4.90614490529371 4.8692922696846
"284" 4.81033313916212 5.00458313698037 4.81041023033869
"285" 5.08188064029688 5.1115362213097 5.02394889196163
"286" 5.01120497375319 4.81360726746568 4.88767760366009
"287" 5.72410238078087 5.81559785428076 5.65435279818863
"288" 5.24654923469979 5.22994351482302 5.26564461742969
"289" 5.1275194847562 4.97920239377136 5.01323861981208
"290" 5.20245051115386 5.15342827611659 5.13750911946062
"291" 5.51660324083908 5.13875447041077 5.24067458288059
"292" 5.2908651788054 5.03078282313112 5.01578034008657
"293" 4.60832420632434 4.6196327351693 4.5779168976658
"294" 5.3819888511399 5.40080996153874 5.41406532402659
"295" 4.98225733611412 4.68098553896716 4.52915613272765
"296" 5.16622232436068 5.15687902699848 5.15050170505954
"297" 5.56548585864205 5.43420389830824 5.63542648411027
"298" 5.09857264899158 4.96069370721947 4.97313206465485
"299" 5.57660414446615 5.40814025301411 5.36805884203019
"300" 4.46789743747455 4.52017474186277 4.55206743204204
"301" 4.71346214530074 4.75627346302309 4.7359738563902
"302" 5.43301060760736 5.29690130521025 5.21540112485752
"303" 4.46123675980362 4.49789477937434 4.58166476066472
"304" 5.03994412350635 4.89404415797201 4.94440007449858
"305" 5.43727553991931 5.48353589157279 5.33627200234915
"306" 5.2529447249521 5.12272174617039 4.95052408026246
"307" 4.88093235615403 4.82689901763808 4.78048107687679
"308" 4.99078937998077 4.74124667965543 4.75331291758668
"309" 4.85868532582526 4.78216880596856 4.79541380170168
"310" 5.2897754418472 5.12028665031199 5.20818563695988
"311" 5.28372891842009 5.0974482459703 5.05041893203402
"312" 5.32936753919271 5.30309420593355 5.28888187041628
"313" 4.68547933115557 4.68683769286277 4.61170844594629
"314" 5.4848194540841 5.41791663248586 5.36880105371419
"315" 5.04493855926831 4.82999439698705 4.86691427975044
"316" 4.78055362768038 4.73155821673929 4.86366787909246
"317" 4.92150180842384 4.92682166646545 4.82684795267527
"318" 4.8942195062858 4.69022061923878 4.53720635241089
"319" 4.97673940843885 4.95139192080558 4.96326644496012
"320" 5.14350235885567 4.94956384699249 4.7094085243895
"321" 4.38171646951401 4.37112073128954 4.38680855736797
"322" 4.76620869237839 4.68323089513758 4.71719685490925
"323" 4.13839616490953 4.04198358622426 4.0649991168028
"324" 4.31031840458872 4.23036312377397 4.24273471772483
"325" 5.52688463951383 5.53911110183296 5.43184250858712
"326" 5.11969258357658 4.87641829267352 4.90875208833438
"327" 4.51387110597357 4.43913461523852 4.47520943823167
"328" 4.56021645592712 4.40008978971253 4.41283017760373
"329" 4.55129985214118 4.53356168144285 4.60565541452325
"330" 4.56510763040632 4.48189792556959 4.24352371690862
"331" 4.69376444885343 4.48725776530815 4.44774025451188
"332" 5.00821300911907 5.00465708712749 4.88350774180261
"333" 4.70728802510883 4.5208032999196 4.56262940453946
"334" 5.12535371717955 5.10502259213138 5.13997057030766
"335" 5.13199614326959 4.86564984417288 4.77257256843115
"336" 5.40122377145028 5.67712970516651 5.4605488060262
"337" 5.08915064487901 4.81957961966025 4.8178242889449
"338" 4.70525474374415 4.84701394950952 4.79801750593398
"339" 5.56091190378797 5.50775837583788 5.57543430169377
"340" 5.18459586794054 5.19865359931425 5.19593595289058
"341" 5.03027859577247 4.9868700206978 5.00756324654919
"342" 4.48650775876644 4.27757216545326 4.21368864254906
"343" 5.34732088614573 5.24037325784624 5.24455257803168
"344" 5.00579924679429 4.76251233341036 4.84044300388952
"345" 5.32711318189523 5.18950570135674 4.99261495417283
"346" 5.32163481417708 5.13631515673055 5.15975144611857
"347" 5.19124725771046 5.05988233836218 5.07719863006999
"348" 4.30149894806193 4.20521521603316 4.3588567539633
"349" 5.06310972892572 4.95281822994262 4.80960280109173
"350" 4.83469895401472 4.73379395838414 4.65349591406437
"351" 5.05904747334503 4.90918400319023 4.82767211839336
"352" 5.13986656890261 5.37362217083459 5.37679570448961
"353" 4.8357619461607 4.89411283037165 4.77083671901082
"354" 5.29013543645053 5.27127275906642 5.22737216550188
"355" 5.45546671805874 5.3401337911416 5.23077247437288
"356" 5.36755440594607 5.22338302965342 5.15854669264821
"357" 4.57578734549108 4.5916090849775 4.54219041898857
"358" 5.31118125917687 5.23280484729022 5.08085500809737
"359" 5.07583988618407 4.96975990493423 4.8924645746554
"360" 4.99485745481586 4.85165572975945 4.88616427291677
"361" 5.12200716582824 4.7774350499664 4.77958777125176
"362" 4.81560055015928 4.65691585791445 4.68782683238046
"363" 4.46963230548239 4.32542910941297 4.25484200494625
"364" 4.98253609646296 4.93667815063006 4.89011033417123
"365" 4.511733548281 4.53552199719778 4.48900865626068
"366" 4.58359447203932 4.53555644339269 4.51741471025599
"367" 5.30686381662905 5.09914416061053 5.10129371606631
"368" 4.90712749281827 4.82942861996182 4.65746998576879
"369" 5.03280750700279 4.92371235449173 4.87035443592109
"370" 4.43138234390928 4.48271239929521 4.43848019478035
"371" 5.40395486648587 5.24404742431197 5.16900822516747
"372" 4.82998283819971 4.74299171146334 4.70794025176205
"373" 4.68379902917032 4.60022271913188 4.56161792501214
"374" 4.42552226474848 4.47515802244019 4.49066905795586
"375" 4.83521548223671 4.79579964618804 4.83269299800975
"376" 4.87363100787789 4.79057633188765 4.74685870527881
"377" 4.89794472834518 4.76367163556776 4.80627157213809
"378" 5.62188596431874 5.49166963706639 5.37862299485673
"379" 4.76021272344397 4.74377965318946 4.76387240491235
"380" 5.05161148945373 4.87566752302504 4.88686005876304
"381" 5.19179217946961 5.15632190523395 5.15707229203468
"382" 5.34445027496562 5.18280810374401 5.2375723241492
"383" 4.88072019240569 4.8590466418472 4.81654774197579
"384" 4.78682602372484 5.08316728970424 4.69137228137509
"385" 4.77159796929598 4.65214788732678 4.60180430300455
"386" 4.42319674007228 4.36804697601003 4.41337215871198
"387" 5.51583036809554 5.37074726677118 5.33619936273994
"388" 4.64635550444088 4.54938604078546 4.47019263608045
"389" 5.0477363965476 4.81696983795178 4.89088765583919
"390" 4.93001126472571 5.00900202383179 4.66590417192522
"391" 5.03244041111765 5.04024635513615 4.79136983368916
"392" 5.31263425401863 5.05069479048694 5.03442400252111
"393" 4.76158560290295 4.43586830479288 4.29931029033228
"394" 4.73078353371648 4.83872794383416 4.76929094692518
"395" 5.16822046477632 4.9984733446173 4.92118228175161
"396" 5.16834840559153 5.16672120781925 5.06190290312268
"397" 5.81473947133875 5.79665343772191 5.76479190505415
"398" 4.72335009501321 4.40365758485018 4.37542680985804
"399" 4.99809220702862 4.7981061131108 4.82370145074268
"400" 5.08349192085608 4.905043472643 4.87226442008492
"401" 4.96740828711106 5.02563376278697 4.9249939485061
"402" 4.61005639481308 4.43188246188002 4.36603129818745
"403" 4.67561914394528 4.66319426406811 4.64468722610614
"404" 4.8767942847279 4.74987497199554 4.75639158257074
"405" 5.10627268572104 5.11785340061298 4.99635754115345
"406" 5.37842110215422 5.25056648178025 5.32630350819702
"407" 4.77321784244305 4.69742129954444 4.62763818799502
"408" 4.85266184866345 4.78168930240323 4.67060308466537
"409" 4.4296718806793 4.33098239105319 4.40064294717758
"410" 5.01681883548368 5.1129396262279 5.07185003097982
"411" 4.90866094936349 4.82456683450653 4.71758011778393
"412" 4.91660621887094 4.87154777525393 4.89386935459511
"413" 5.10175335329262 4.89311396437229 4.72710833703818
"414" 5.06901509954317 5.04367205917312 4.99821490312478
"415" 4.9252859524658 4.95302251811236 4.97045321938842
"416" 5.21532360512215 5.17648147214119 5.15141676094106
"417" 5.31604700187017 5.24097939264061 5.19768896578017
"418" 5.13770646802999 5.05383618960943 4.99997482384972
"419" 4.54818618018988 4.43787440629354 4.45038936897884
"420" 4.88976244049312 4.86825544982289 4.86170004207847
"421" 4.40447955106643 4.30032059836878 4.21723929303396
"422" 4.26429065471752 4.21449470190378 4.22596794115535
"423" 5.18661236778156 5.16715833062594 5.22609542093462
"424" 3.93627558872447 3.82810229096863 3.89954063599056
"425" 4.92256315835934 4.77453262367859 4.80580335308471
"426" 4.40109298786746 4.32877239483173 4.26412616738617
"427" 4.4876353379425 4.6071736566278 4.55502945451643
"428" 4.52737730737057 4.46037827928937 4.45917481500514
"429" 5.39096502436286 5.19007896537761 5.18636534218665
"430" 4.74790222153939 4.60742109967664 4.53581918837122
"431" 4.07437639782653 3.90368722388385 4.10979064161329
"432" 4.38816059769068 4.61697605414552 4.43628810156829
"433" 4.98741662210162 5.05039714807571 4.96520424090887
"434" 5.0575104996103 4.79135557608538 4.79646000535833
"435" 4.88651207384034 4.88147542605788 4.78677478614174
"436" 4.65598829448391 4.63908804723513 4.76742027230285
"437" 4.74186699483307 4.5814996024942 4.58384537353785
"438" 4.60823310376391 4.54759811728118 4.49525497329192
"439" 5.5674797275766 5.46827691979123 5.49706133536193
"440" 4.55873915243219 4.47045134532865 4.49806214231847
"441" 5.35980659151104 5.23652734822814 5.06122155626333
"442" 4.9241475059264 4.95372226441031 4.95533752773101
"443" 5.35431169614578 5.3144676920431 5.18617647931632
"444" 4.81875287573144 4.91895853490677 4.89685233445693
"445" 4.42273078288196 4.42316561998152 4.35904597950325
"446" 4.85106000288495 4.80511619568807 4.7810877637591
"447" 4.57426033743887 4.54204734057351 4.52907197909688
"448" 4.32604148148145 4.40409492683987 4.27460866620881
"449" 4.57330991158916 4.51411469840962 4.44453655284119
"450" 5.47984401382674 5.61767284513796 5.56091811525626
"451" 4.4685413431497 4.30876406535002 4.27529505556662
"452" 4.86478510999441 4.90799311446965 4.90020853001093
"453" 5.54741578744832 5.62284366441478 5.64447269852219
"454" 4.53311224937751 4.51499406757367 4.43064854365166
"455" 4.57474760688438 4.17917896702898 4.39433352267893
"456" 5.49571804046614 5.47633785982242 5.42198166492469
"457" 4.84693007247158 4.91023353205033 4.87476553084562
"458" 5.08833294615056 4.92338072995679 4.9136486879581
"459" 4.85390617402404 4.86263697592409 4.85932525444091
"460" 5.83352679774317 5.64981893534316 5.63192350486027
"461" 4.56426368419195 4.42681183021975 4.24511304884314
"462" 5.33817897414024 5.17974272424371 5.09685835501039
"463" 5.02684686545634 4.90540931995553 4.69361804741686
"464" 4.78777755687342 4.71846832592828 4.68394577257288
"465" 5.37939823151272 5.31034563424288 5.27615490935687
"466" 5.204875329499 5.12457958636934 5.09175076144233
"467" 5.0299910321176 4.95430002182808 4.81194618799679
"468" 5.00498019247845 4.83732060443787 4.77899096326345
"469" 5.40005284949225 5.1402454990413 5.24277295266025
"470" 5.1213607054953 5.01081304735317 5.0897915003578
"471" 4.22408127447726 4.07237366785831 4.11082779287704
"472" 5.91393089032653 5.78089896995337 5.64122427486026
"473" 4.68699760603481 4.61467528815024 4.63306425827882
"474" 5.5428987603358 5.47299943623296 5.45184881370852
"475" 5.35782038824117 5.1040477329958 4.99002357115793
"476" 5.48119974443932 5.28639866279843 5.24460265902146
"477" 4.95285201396453 4.73967898688877 4.84663241918034
"478" 4.52552852673582 4.46228162730012 4.4329800397368
"479" 4.68143379904391 4.72352705155787 4.63459141254625
"480" 5.02965602728479 4.8862420897955 4.89353731182821
"481" 5.31579656389446 5.01836990465092 4.97294491427516
"482" 4.9736365520869 4.9675968803917 5.06117375420677
"483" 5.06075759186528 4.7797215537327 4.69689148582724
"484" 5.11285871341334 5.08342129854386 5.13742170177864
"485" 4.15496700214239 4.01342320226715 4.01544008124006
"486" 4.72156404775924 4.57348116604824 4.57579958745067
"487" 4.50646815495067 4.38048437858012 4.32996968481096
"488" 4.86747376897851 4.63244585093291 4.53541033733686
"489" 5.2598589527966 4.83712235146141 5.0268036534682
"490" 4.96189407603934 4.67049472572805 4.59343891242556
"491" 5.27130983787871 5.27920199261092 5.0834272738325
"492" 4.17871468175565 4.18314069478445 4.12086315412661
"493" 4.78036674876506 4.85113747224548 4.76655933927436
"494" 4.80281278581571 4.65685512228531 4.56704158138474
"495" 5.37185416627744 5.29921121088807 5.2140469623745
"496" 5.31417937522044 5.1706338068391 5.0621150958311
"497" 5.30378467935626 5.26887833087889 5.12578978236508
"498" 4.74765514573551 4.66376737050124 4.47481416791697
"499" 5.74650330984535 5.41997901131978 5.33139416556229
"500" 5.21638714470085 5.16682792496629 5.14435607703347
"501" 5.07563733337184 5.00362298009072 5.04014292396006
"502" 5.20666337757217 4.97146509013941 4.99399194678585
"503" 4.39934730785869 4.35922927774426 4.35607611546567
"504" 5.00097178800143 4.76293874263726 4.94543276917296
"505" 5.04749438817885 5.00070369468947 5.07006651562319
"506" 5.80100998432699 5.66201801882993 5.61606823226516
"507" 5.07206981531471 4.8990775797859 4.75937473065582
"508" 4.4805133537083 4.46163830072523 4.52959881949376
"509" 5.12255654935696 5.26630846304233 5.2252008369148
"510" 4.93671509031789 4.99766484236677 4.88984946025647
"511" 5.18257471940533 5.05687247155736 5.09019606487063
"512" 5.67342675523402 5.4181067051061 5.52255444961028
"513" 5.47953497453938 5.33316619367708 5.29984859483977
"514" 5.37479597888173 5.08396294907097 4.97847818253482
"515" 4.52425744250582 4.53959841263628 4.51754633692151
"516" 5.07734777045074 4.86416442619825 4.87126247440574
"517" 5.06747216886241 5.28241261947093 5.14023312823147
"518" 4.90118529753953 4.76075223884233 4.71470555476508
"519" 4.96765011211728 4.91042418580546 4.79184125751191
"520" 4.33154058352708 4.2234327779187 4.1132008201541
"521" 5.07653946514741 5.10301994750006 5.01933417526394
"522" 4.8962453288177 4.65964771229572 4.45433103963907
"523" 4.78727645751888 4.73109940071105 4.73744568217147
"524" 5.68420687472511 5.67757155739588 5.691273751345
"525" 5.48812377023784 5.42587412956981 5.24412674948233
"526" 4.36960728157608 4.22549523446073 4.24633758333447
"527" 5.38492020029902 5.23182280262559 5.20503966158659
"528" 5.3797851255755 5.3933850874082 5.39283807314273
"529" 4.5128036605674 4.46737123185428 4.43528646044393
"530" 4.42486029543867 4.22246225662093 4.17784260877324
"531" 5.3156013862135 5.16272541188302 5.17635492661391
"532" 4.86261131601933 4.59285512638523 4.70342158265971
"533" 4.65782631189501 4.4004051202275 4.44240706216667
"534" 5.1283627377788 5.19536990759776 5.29168625529068
"535" 4.2679912277212 4.26380823830154 4.26656437706257
"536" 4.54042297779149 4.47265928096101 4.49776882409533
"537" 5.33786961711634 5.04763911368743 5.08869182017153
"538" 5.05055653168353 4.77132637261759 4.75679824439908
"539" 4.48291788390612 4.66799051857165 4.66427603560902
"540" 4.91734578402113 4.9774484302589 4.92021430472592
"541" 5.04272898607796 5.10317786518137 5.04612624708587
"542" 4.37268157432668 4.32452383113031 4.21826530695247
"543" 5.11554745332601 5.00782044315128 5.0659960986375
"544" 6.26469410685822 6.05256210092491 5.99924095428628
"545" 4.92046659004411 4.84121481473942 4.76399438230469
"546" 5.58784004413976 5.36288631009385 5.34892099465589
"547" 5.79016607155362 5.56776672831006 5.54701683701358
"548" 4.97570100222927 4.78396694296436 4.74882563052149
"549" 5.08106481812282 4.81954387009328 4.86294587065083
"550" 4.75619379852967 4.50796379191912 4.52446980811401
"551" 4.4556320308095 4.46962785244749 4.46158150986757
"552" 4.76354711247718 4.58078601331926 4.44365874032581
"553" 5.50903157207497 5.32379270764114 5.2855524805143
"554" 5.23303696402546 5.10703122976419 5.05335898868253
"555" 4.43291530001518 4.36045643690838 4.48933976629237
"556" 5.30744804219639 5.217651960748 5.1913330048391
"557" 4.49588797231864 4.54912851006474 4.51854952953308
"558" 4.5861601012319 4.55203431489262 4.49760576466473
"559" 4.1387117782706 4.03976681640749 4.04410977841312
"560" 4.96424186007672 4.96174349982131 5.07664648747736
"561" 5.50026569081417 5.34170821621389 5.36095440514808
"562" 3.99134839779786 3.98062034963018 3.95754187489112
"563" 5.04721068597129 4.895504475312 4.86586335184659
"564" 4.99240268754023 4.79221180269409 4.90645063146794
"565" 4.89163525062878 4.73771025906287 4.57603897107451
"566" 5.03134099710359 4.84192366442689 4.87730894616986
"567" 4.78504103586911 4.63139495425184 4.59013750671175
"568" 4.59904717373866 4.3938441268444 4.40216930213329
"569" 4.87686213109854 4.83147704536589 4.79727369936803
"570" 5.39875464741097 5.38617789855188 5.32836173274499
"571" 4.33778585032976 4.40911895708336 4.43612130802546
"572" 5.20326296306018 5.14361672546162 4.9522714203825
"573" 5.13490778161 5.25996417293001 5.27273329756568
"574" 4.92514998908458 4.86061977825047 4.81344747308601
"575" 4.93198909507535 4.73067890282758 4.83455932402919
"576" 5.08063062963252 5.08724008602124 5.06191521411812
"577" 4.69146841106932 4.59832966444908 4.62845623901505
"578" 4.74716103888611 4.86123792682603 4.89011297609411
"579" 4.22900541469989 4.1828307129434 4.22179577497809
"580" 5.32026199880701 5.36018210249339 5.33229940888409
"581" 4.8883978765608 4.73123195993219 4.76144418531683
"582" 5.06390107230337 4.99177066133647 4.74285434561215
"583" 4.83646472915106 4.86104827147136 4.83238741360896
"584" 4.72948249704774 4.58998287475722 4.56164215082548
"585" 5.34783525226523 5.22618417826289 5.26047679566932
"586" 3.83583782644818 3.80341747809265 3.78577581163987
"587" 4.84810749488462 4.80260670239384 4.69909751794008
"588" 4.91869608780467 4.75532023293637 4.83352657687818
"589" 5.29789007500828 5.20298693464962 5.0986172246168
"590" 4.24811810320816 4.09088889163033 4.05042094003578
"591" 4.73157338646465 4.63205047955604 4.64963552435597
"592" 4.53317872281418 4.54295482123929 4.57446791930319
"593" 4.82194512111222 4.71592106075372 4.57412490344208
"594" 5.19274739124245 5.07298175047272 5.14350242650357
"595" 4.66743470242548 4.49374745498086 4.46397463951902
"596" 5.04029558101775 4.96536282373843 5.00166357566762
"597" 4.60115870657976 4.7146935557942 4.76531100216954
"598" 5.51384190578611 5.4132461843792 5.31466458749407
"599" 5.60667905274331 5.51378282196048 5.47785409686571
"600" 5.01730112822862 4.91350040237178 4.91831253293948
"601" 4.71670382718303 4.79944224171411 4.73523788976289
"602" 4.70092115442624 4.68209094947782 4.58403756545049
"603" 4.01300848605027 3.97324170479798 3.98013411171378
"604" 5.12847559472331 5.09040819946832 5.03394293208687
"605" 5.10827641069835 4.94030304179232 4.86821883511758
"606" 5.2350599243256 5.2763798060877 5.27701401702145
"607" 5.50664808830906 5.14402820383683 5.05904087795457
"608" 5.04622096628453 5.14964301363791 5.09117068155206
"609" 4.35338053146527 4.21038136692617 4.17071095620072
"610" 4.4657473194584 4.48252467722068 4.43570303506016
"611" 4.84445340260488 4.88576751157569 4.79654347398317
"612" 5.04499442626116 4.98986360891945 5.01309368548219
"613" 5.26479361235049 5.06921355462014 5.05892881929207
"614" 4.72046966875315 4.59506400526408 4.65764347132892
"615" 5.17594978848777 5.15992194015411 5.10566688235567
"616" 5.01006919560163 4.85315312073187 4.7352935484437
"617" 4.80732179743534 4.73178204793039 4.67117808867868
"618" 4.26435095955293 4.20427921536461 4.25838018606082
"619" 4.94951887641532 4.96422531816382 4.85390609420861
"620" 3.79101578399395 3.86635599375738 3.91196720035843
"621" 4.38423985052304 4.50181587871913 4.45083952832889
"622" 4.30175976297217 4.26505676835347 4.33486885333454
"623" 3.97341912078223 3.83122418154541 3.94805842426612
"624" 5.05074167964002 5.18929123791517 4.9232722942162
"625" 4.52515935633826 4.51589204857422 4.48592987119748
"626" 4.94083153755061 4.85858340440594 4.9195857573617
"627" 5.2061554064577 4.97584496770022 5.03774189032745
"628" 5.19716937313968 4.97156489135675 4.97066867772744
"629" 5.96903478537579 5.96573386505647 5.9169648144114
"630" 5.75429886665726 5.58258554825152 5.55728371389197
"631" 5.03345554064995 4.85043271741213 4.92326945172802
"632" 4.84010176472246 4.68555576054444 4.64586280500644
"633" 4.76033668625372 4.73444571899181 4.72363639562067
"634" 5.20588883181566 5.16202844727726 4.96267694200322
"635" 5.07629817490488 4.91783194337735 4.84523223202856
"636" 4.67752566137202 4.57976676788993 4.54090601165435
"637" 4.90155234388934 4.7739977968237 4.7468125537017
"638" 5.1799879570263 4.97991393801043 4.88266818813328
"639" 4.7685552756066 4.79719375046948 4.7163480204402
"640" 5.06919298480372 4.90861029734482 4.82314983331016
"641" 4.86596706734678 4.85039110703065 4.82585304048861
"642" 5.24811019228153 5.14415044626795 5.08134201639888
"643" 5.08754373058481 5.15558062687349 5.12217707707146
"644" 4.31568919650164 4.28842869425908 4.26206572173713
"645" 4.52234064205145 4.32942710543708 4.33246696030744
"646" 5.27796295124088 5.07847495073406 4.90113145588978
"647" 5.41147054284155 5.22142926636384 5.19265550645903
"648" 4.90604096592083 4.84401187476783 4.80670216860491
"649" 4.67117589655927 4.49056845552219 4.38901081852255
"650" 4.56691132469243 4.37695900855998 4.4039281105231
"651" 5.15156130879701 5.06852638610853 5.13591414435526
"652" 4.64111105755533 4.31508417324307 4.46087538658997
"653" 5.08809913653804 4.9382099677211 5.00172598200876
"654" 4.59676564556171 4.29285578179348 4.2912491839754
"655" 4.656072687138 4.63693562979801 4.50524852979315
"656" 4.56969206299835 4.29449504440009 4.3433048908601
"657" 4.35251803892992 4.48100582717309 4.47814938353086
"658" 5.06762318394825 4.87852683077089 4.71659041019503
"659" 5.39409807125491 5.40299574258453 5.26532776803705
"660" 5.19360980543227 5.20794837846789 5.15505956689131
"661" 5.19697442299623 5.05662874714476 5.09227084145943
"662" 5.22071561944851 5.01650299720511 5.02147696751177
"663" 5.49521606621591 5.4668772600465 5.37653856299342
"664" 4.79487015297043 4.67294012327636 4.57940224485734
"665" 4.85086166083104 4.69481223689023 4.65630926541466
"666" 4.70393194932131 4.72847021657491 4.79245679635876
"667" 5.71887667126514 5.68629437137547 5.64733552124816
"668" 4.85330317318736 4.96906452679878 4.95480395825224
"669" 4.78541841951662 4.91965481459892 4.88762412556515
"670" 4.64386939638622 4.63147904184227 4.48640498946745
"671" 5.54719189368794 5.48286906886233 5.42456887521301
"672" 4.95163043116434 4.7477619483859 4.71871468002383
"673" 4.77902687008144 4.66209850525497 4.71178425676423
"674" 5.33847406889828 5.25813511601201 5.20638883200733
"675" 5.46706193524655 5.33251757625122 5.23240764714856
"676" 4.80855422398085 4.81001442713367 4.8228093292873
"677" 4.73531214266075 4.82887095454302 4.82413603054653
"678" 4.61678308385907 4.61168116429057 4.54329116651842
"679" 4.61717573048338 4.75638894628762 4.78412893456791
"680" 4.80814608929446 4.83243649543036 4.82966130455085
"681" 4.86269218375902 4.71952664374316 4.63216019068818
"682" 4.88413901942817 4.99225535964152 4.92200403379594
"683" 5.6203344011952 5.37316863922364 5.45374953173986
"684" 5.13233988745904 5.0944237812577 4.95720536746373
"685" 5.41378276360655 5.24884522333052 5.3098074183748
"686" 5.19256069011054 5.10806643675602 4.93589373794431
"687" 4.02920976178763 3.96410867352935 3.92718166221083
"688" 4.7271572149091 4.56139694629441 4.5709498008682
"689" 5.20340685748601 5.10618628993744 5.14991830957937
"690" 5.13027505937066 4.83200320025146 4.97952227543291
"691" 4.66484927257872 4.52430669562882 4.54632488781716
"692" 4.43425850208419 4.55255717519326 4.47367090024604
"693" 4.82790098206168 4.57881296089814 4.58222429793643
"694" 5.20731285663726 5.26180081719766 5.270521955217
"695" 4.83577961805184 4.87156719563115 4.84295494126162
"696" 4.8023502538342 4.56700236191814 4.55780235622217
"697" 4.86488675018136 4.98044801069742 4.8252868137187
"698" 4.05570050121081 4.10154727350254 4.05130647913943
"699" 4.93613944421018 4.79719781234666 4.74592779688301
"700" 5.5336592975213 5.28146509422599 5.35223285065821
"701" 5.54716862156643 5.54616076142766 5.5176044097176
"702" 5.17606186887304 5.00490242223279 5.07645401199351
"703" 4.75702643464186 4.67476927728164 4.61547017074043
"704" 4.55230966318734 4.57438761195834 4.40729415632676
"705" 5.29459351101482 5.25987836883066 5.16403537983521
"706" 5.11194246874005 5.0925811532556 5.06978286099192
"707" 5.46771202154678 5.40505260725407 5.17209032068897
"708" 5.22369204243086 5.08092150718198 5.151319236883
"709" 5.22987668989028 4.87034851996559 4.70957573073526
"710" 5.84477109076912 5.59127259831879 5.49519990590387
"711" 4.22982870592292 4.23884498013303 4.22313283419836
"712" 4.81427818285809 4.6135269463501 4.54095644333591
"713" 5.06030543806365 5.03846626650804 5.08432757695379
"714" 5.25681904266165 5.20325011127069 5.18944648178687
"715" 4.76542121596027 4.70478315808857 4.725370601355
"716" 4.87484126745749 4.60460459205472 4.60166843674387
"717" 4.7036187379693 4.62814005253874 4.42176726625881
"718" 4.9428557349373 4.96592845451934 5.07142811583507
"719" 5.26653266463752 5.11372509984379 5.06750749127672
"720" 5.98658332385483 6.00000676891459 5.82156917932854
"721" 4.73104765777855 4.58320095163087 4.66933324452259
"722" 4.82303528937266 4.7690232959343 4.79297430037443
"723" 5.43498618237822 5.26511077767263 5.13604949663286
"724" 4.72001538582355 4.69786905577283 4.68689294433228
"725" 5.11948300820008 4.86260025075124 4.92442391492998
"726" 5.19212601422412 4.90342155514885 4.95904170646684
"727" 5.25601613990991 5.00133900811399 4.9722555528523
"728" 4.99600770925468 4.63918937872477 4.92368056028232
"729" 5.18595396841316 5.18238405523067 5.06490401568055
"730" 4.53477126625587 4.54477789073884 4.54330257818369
"731" 4.91092709541845 4.88298983896988 4.78912511396326
"732" 4.3293827914434 4.38647516116154 4.43675235828144
"733" 5.12060427574785 4.94424245967994 4.98174225219255
"734" 4.61400862765883 4.52079706228316 4.47659078839823
"735" 5.11951494261183 4.71385103971818 4.82470352156944
"736" 4.19723830519402 4.08897199011514 4.13030260364993
"737" 5.18472015248217 5.05991623947869 5.146615835701
"738" 5.21803914886013 5.36042033247814 5.23638795674685
"739" 4.56073428641987 4.51695529408167 4.45359792069142
"740" 5.21393075805052 5.19697748524625 5.24689826446683
"741" 4.72030338771146 4.76407699270535 4.6520382498943
"742" 5.00375077349195 5.00859998779133 5.13243534886773
"743" 4.14207033623538 4.05123148762792 4.01840317845188
"744" 5.08011160007252 5.09831283281365 5.07109817976397
"745" 4.68107726109944 4.51259701614118 4.56637534740449
"746" 4.59556427815569 4.52935194951025 4.44884986817175
"747" 4.75863218242282 4.43952252685489 4.66136333426979
"748" 4.7442297959579 4.64666667082018 4.5616638906726
"749" 5.20214515764956 5.03128441765021 5.1347255322985
"750" 4.83602353067832 4.85380202087999 4.7774197596628
"751" 4.91853824422041 4.64327052602264 4.78658861914367
"752" 5.12707077639609 4.95755876002438 4.97026977450555
"753" 4.7097356317232 4.75705968247601 4.60369012714813
"754" 4.9847825111536 4.99048068053141 4.92840637622864
"755" 4.74319561977995 4.56345298726843 4.45066838550431
"756" 5.03035297491749 4.87505504019037 4.86300892734226
"757" 4.87138292068709 4.82061273126331 4.88238155554859
"758" 4.89998710847785 5.02989630290739 4.92670404875988
"759" 5.04358904245062 5.06090729569477 5.010585540084
"760" 4.89674251190777 4.91894743922405 4.70284286667696
"761" 5.46012639457105 5.39752256490278 5.60814586670704
"762" 4.74350708509298 4.64481781548978 4.62556216819038
"763" 4.92960147963834 4.82503219893971 4.90903250070152
"764" 4.77629600890613 4.8356432673199 4.65380743523431
"765" 5.20905865664328 5.07273535981074 5.06268132293434
"766" 4.76248669455525 4.66984173672509 4.69272014594118
"767" 5.12355696139662 4.94292322702772 4.97968304182568
"768" 4.96755058866731 4.81783717722223 4.88444494160359
"769" 4.31085001428128 4.41808956503184 4.27201241304338
"770" 4.87515553526318 4.68098354378076 4.72120547320144
"771" 4.35312682212433 4.27605995388784 4.27074279172819
"772" 4.70808738657815 4.55091293941081 4.51690850310348
"773" 5.28407702441861 5.24535382860202 5.19181552899619
"774" 5.27590335403634 5.1992493716175 5.30184537567417
"775" 4.93128412112001 4.7383949960964 4.68448010494705
"776" 4.76692913648576 4.67081983065072 4.60275873679719
"777" 5.02229278415098 4.7419956422986 4.88124318241254
"778" 4.33760156286296 4.4667339129271 4.46336530952267
"779" 5.5845261902187 5.5981848817159 5.44987729397328
"780" 5.16170515005775 4.78466529563878 4.88047701064381
"781" 4.77216563919042 4.65579340858197 4.57391672677751
"782" 5.13028280626964 5.12888326713825 5.0594122022179
"783" 5.03611929845464 4.94932742912138 4.79579938711511
"784" 5.19398605953394 5.1947276425604 4.99300426415434
"785" 4.98473188095819 4.93948094024817 4.85246896312375
"786" 4.97357816672069 4.8875918238041 4.92713170420486
"787" 4.41591888395249 4.53257442256999 4.40759789206127
"788" 4.74852588500384 4.80753364707297 4.75834853607009
"789" 4.83283258652747 4.78356448631728 4.75440027100945
"790" 5.33773538000696 5.29739851068151 5.38337964672663
"791" 5.01978437209555 4.97438810274194 5.03323588367122
"792" 4.78625938028794 4.65976400220542 4.77605214378246
"793" 5.03438028552197 4.90868336525405 4.85216747040321
"794" 4.266995910435 4.23971130565208 4.04851354833875
"795" 4.88612935414386 4.84277180576156 4.85177429803607
"796" 5.25952687821136 5.26514941490803 5.10528526143429
"797" 5.74561757462549 5.53746733975346 5.59469672792008
"798" 5.03570264248944 4.7007208657566 4.8115557231294
"799" 4.45953348147591 4.50062506192615 4.51156418024761
"800" 5.19070000797692 4.9467696738922 4.98059514852471
"801" 5.36669248676362 5.31043693580834 5.28968403517059
"802" 4.80860260308262 4.69472958191512 4.70056034086846
"803" 4.38194179698071 4.2952234369472 4.28223896184466
"804" 4.54895375882375 4.40659607048872 4.50929278182924
"805" 4.90942009929272 4.84030386862807 4.83139540011115
"806" 5.31634367333066 5.24081675883088 5.16832856039862
"807" 5.39343080976819 5.18235969897565 5.15582180279378
"808" 5.19510136705954 5.18658972217828 5.10280992177602
"809" 5.51121412938331 5.28371812202491 5.20254909575078
"810" 5.65970355958723 5.65698343063928 5.59328193823142
"811" 4.58961696189942 4.5583133900622 4.22102852292247
"812" 4.97283620428 5.06657169767962 5.02508540302098
"813" 4.78998492663652 4.65504418312226 4.77923140935723
"814" 5.19113802867282 5.09513530482758 5.04745349223925
"815" 5.37320060238034 5.27802112205217 5.32535758943379
"816" 4.3896754140245 4.43187140161538 4.41114512842725
"817" 5.1648841092155 5.11094457298035 5.14544073193029
"818" 4.87782992235251 4.8015184724935 4.8147371774062
"819" 4.67825356488181 4.42719353731826 4.47527574890188
"820" 5.61542104327852 5.69898757453299 5.60321151021264
"821" 5.23576701436272 4.9339156638951 4.9023125065168
"822" 5.06818762373961 4.81155820302885 5.03029674426657
"823" 4.85386033765706 4.62964206192678 4.86049279056518
"824" 4.71364168396854 4.58102000469396 4.52596853085152
"825" 4.46377266405149 4.56172320782404 4.47226388102164
"826" 5.27557791659463 5.15972810329054 5.14598671443964
"827" 5.3489106648138 5.2681574627215 5.22434579737169
"828" 4.10977318795877 4.18356592167298 4.13757441324604
"829" 6.08420041883823 6.09957411889528 5.9849368784687
"830" 4.37322487630341 4.30410057841146 4.35100105738722
"831" 5.4520963048727 5.24882122877484 5.27295298679101
"832" 5.300404078924 5.22916022947692 5.19707122944338
"833" 4.95337403678587 4.92100668690935 4.80324345897116
"834" 5.54767973504266 5.29372754184431 5.2814626640908
"835" 4.98330283883602 4.81447720029667 4.79612366181073
"836" 5.41998225898055 5.30483958474189 5.33532777557325
"837" 4.78630005686933 4.86266843037077 4.75873272262322
"838" 5.33772281749795 5.14185398239163 5.13895502591031
"839" 5.15481719676257 4.932932139438 4.83342629388334
"840" 4.84865783105591 4.78834334317058 4.91566195459764
"841" 5.01823357535672 4.7332704359881 4.65749650611239
"842" 4.7064341221939 4.90104210986762 4.80867242951878
"843" 5.10217788436005 4.97239862193432 4.94349621172261
"844" 4.97864153712979 4.98085104622315 4.80536731405905
"845" 4.29065510653578 4.26501043783478 4.24470781887396
"846" 4.6159016666863 4.62178162167994 4.60694184939898
"847" 4.33342542944776 4.27162758223988 4.19388799752684
"848" 4.57675461127588 4.62000467308549 4.60397380551924
"849" 5.64939676043049 5.42799827375384 5.4597977771162
"850" 4.37501306484852 4.07399176188128 4.02919871225663
"851" 4.90084731889987 4.8419365465697 4.68213184062169
"852" 4.97350740287695 4.95599622670238 4.88001740365205
"853" 5.55881065310025 5.31400491027425 5.39682121687498
"854" 5.11001262859817 5.06208019261266 5.02955690190186
"855" 4.84854050418392 4.58726442437378 4.62240725963778
"856" 4.96542372513417 4.87919770886363 4.90187223636884
"857" 5.25448154034996 5.09341449007764 5.15695643251658
"858" 4.66929766979062 4.44483199204817 4.44782459137591
"859" 5.48532357920254 5.22832566488037 5.14848606352849
"860" 5.28227759856157 5.23339904203955 5.26863981411277
"861" 5.03773429688003 4.85067457137354 4.88574416013101
"862" 4.95123101827524 5.02830897822673 4.95504664973101
"863" 5.00956430774503 5.04572878889451 4.95219490382233
"864" 4.81579540114707 4.72723550544301 4.86836773445417
"865" 4.87389825808107 4.85192558932492 4.7167535079263
"866" 4.98823573818876 4.89871843138553 4.92201128635689
"867" 4.59696326584822 4.55091046255962 4.53404964387123
"868" 5.25389643851315 5.005924596023 5.07975838577012
"869" 4.58889371046176 4.60943346529897 4.57436006296239
"870" 4.42866421437911 4.42580883467716 4.39854774444513
"871" 5.0469379654797 4.94980242756971 4.80205438521929
"872" 4.31757953049453 4.4818376946774 4.35215066137902
"873" 4.90428134416663 4.93431219401259 4.87868725113292
"874" 5.23032642558089 5.12790642141265 5.0907870488581
"875" 5.35835535452827 5.33768879906727 5.1697718582527
"876" 4.47066867809569 4.42225966563108 4.32196721590109
"877" 4.89094651863899 4.78334009616883 4.88174942328155
"878" 4.9017437676017 4.77548801046035 4.68024653593377
"879" 4.94958422426829 4.99582480188029 5.03654187476561
"880" 4.66087781260873 4.58312126460671 4.67606460615546
"881" 4.69026405206671 4.50543049426448 4.42235579202273
"882" 5.40048711136799 5.41014121116384 5.29625592336443
"883" 4.39669448940385 4.31774517867791 4.30574136167037
"884" 5.21819384617078 4.93285299096117 4.91213787371731
"885" 4.24636997781345 4.29307103855407 4.30242674134904
"886" 4.87021865761659 4.76368750784793 4.89624086661574
"887" 5.27981424659318 4.88485399953984 4.99333246963718
"888" 4.71137563356557 4.511831431566 4.4923561325938
"889" 4.61228400905105 4.35731737848047 4.47898459692368
"890" 5.10528487147806 5.03014206967173 4.75438273267928
"891" 4.95163577978879 4.91352664341642 4.87895697745856
"892" 5.19890277986771 5.20689156053245 5.04834196025354
"893" 4.42802457992317 4.14834036183466 4.34160344040984
"894" 4.76067309564636 4.74627905790953 4.73368866605437
"895" 5.90457454838794 5.74553831003527 5.51365151885657
"896" 4.90956414886329 4.6332837144862 4.63905762694082
"897" 5.29950241630921 5.19201193544695 4.96435790443508
"898" 5.01176480947553 5.00679438157126 4.96190661178781
"899" 5.53307984369358 5.36071641165906 5.26893146304529
"900" 4.19411929356053 4.156608760629 4.09173700460793
"901" 4.72590733054552 4.57149650653386 4.52950639248335
"902" 4.96019814749267 4.91277597901259 4.81260328962937
"903" 4.78393117296699 4.80518613698278 4.90230596487805
"904" 4.25260908596155 4.27209083010626 4.22509415716627
"905" 5.34715611183549 5.00436032244157 5.04280753995984
"906" 5.01893486724642 4.71971896798059 4.7192969665034
"907" 4.75857412198089 4.77208506230915 4.70163956018614
"908" 5.1805385891436 5.13667282007865 5.12612143486131
"909" 5.24355585988508 5.11545563282837 4.97237007494594
"910" 5.1412090367592 4.96049852944175 4.94588089706741
"911" 5.30656580922396 5.11436988597563 5.0393248906881
"912" 5.30758180264753 5.38138510047897 5.45952866136835
"913" 5.30504010641775 5.1294666705859 5.18771836863994
"914" 4.28114493989044 4.26675863260229 4.29261584323321
"915" 4.76588171463027 4.94549616498832 4.86528852242353
"916" 4.56095925727561 4.47689248396689 4.53794374752251
"917" 5.1104873969906 5.03024322239302 5.01109309967564
"918" 5.49899850969881 5.61165042768057 5.60760118335185
"919" 4.04166164015096 4.02490037391426 4.03837476254187
"920" 4.28103889201049 4.33336111170074 4.31056736223322
"921" 5.55633019592482 5.53493627561402 5.47916954451925
"922" 4.87142299458288 4.92196784662813 4.94420411884574
"923" 5.21057794336516 4.98039772718339 5.02171895826728
"924" 5.02578186542951 5.09124959016708 4.80064669822429
"925" 5.06046684268481 4.91087921456477 4.84638339454574
"926" 4.93826185569648 4.6561936855635 4.72108136185373
"927" 4.92285214124056 4.91834481773896 4.69528872381154
"928" 6.12747163267944 5.87678365069565 5.85214113034856
"929" 4.67035296985772 4.69404610583769 4.55565393215686
"930" 5.04029821332168 4.68140464080064 4.70685950166112
"931" 5.02106628895375 4.99715594215276 4.89260095804573
"932" 5.28398444271225 5.3099981079437 5.27697468138419
"933" 4.6014647478251 4.61730622590393 4.50969508509355
"934" 5.07991438135771 4.95544022464384 4.93697412107734
"935" 5.42762497335266 5.33493129072134 5.36537528008079
"936" 4.68386598145676 4.58347566299533 4.54115784705305
"937" 4.29521102359023 4.34338968262242 4.20482633340805
"938" 5.20771750920297 5.24796106617639 5.18622178032643
"939" 4.580447461729 4.57867893389281 4.4929922105311
"940" 5.04832000522835 4.88869610779069 4.81106742925753
"941" 5.09710537216724 4.93191065430169 4.90957364084713
"942" 4.88868404058229 4.81627554407998 4.77393642798043
"943" 4.57058271290838 4.3406332102151 4.25278850524041
"944" 5.44571602696199 5.48200041661375 5.41747369832993
"945" 5.20406390091374 5.02529656230353 4.94834539176452
"946" 4.73551440339127 4.83554249267455 4.88340078963089
"947" 5.20382386242877 5.07609289301108 5.19518743810216
"948" 4.80473355821837 4.28476288813592 4.58725549795143
"949" 4.97121704821793 4.70901152710988 4.58096082865827
"950" 5.46590434272669 5.35462879958412 5.43183233002193
"951" 4.54621961580877 4.36120263048415 4.2949136577853
"952" 5.30223336532613 5.30168077799798 5.2176203725261
"953" 4.70900786883301 4.60474698984167 4.61152531776899
"954" 4.7470217929584 4.87518474441262 4.8778805046929
"955" 4.21447665649079 4.22211705975659 4.12263532013191
"956" 5.12598255007564 5.18553597281943 5.07927046330035
"957" 4.28981321265884 4.25144959314935 4.25843855693126
"958" 4.74129357886779 4.72179543644661 4.72457076112284
"959" 5.20281449378656 5.07521104461791 5.04601084111983
"960" 5.25147705980345 5.14590733809493 4.88314877857887
"961" 4.59908188211452 4.55775301793769 4.56762552759194
"962" 4.97109931087098 4.91346744354396 4.96770319213524
"963" 4.58668693506353 4.52237204022193 4.45967281695506
"964" 4.66782590510096 4.59091692356873 4.54412308380563
"965" 4.66454971532241 4.63079534706902 4.59933937207596
"966" 4.7664109196267 4.63579140962874 4.60960951474029
"967" 4.75605941823766 4.87993916934067 4.80657914524326
"968" 5.07306083041424 5.05898624321251 5.09639828704808
"969" 5.11939971792756 5.12463377964138 5.13159590248293
"970" 5.80685966647331 5.58985583286994 5.46182275801458
"971" 5.40715802425477 5.47623677266026 5.4583450510713
"972" 5.23955326153348 5.23003614996736 5.12708140761481
"973" 4.57994676839031 4.60129826929589 4.49486042316658
"974" 5.45825518760649 5.33514941721002 5.47056994838989
"975" 4.6590112952287 4.43019934668265 4.60400464813518
"976" 4.07487169808754 4.29088560895716 4.18660182071531
"977" 5.73079589620506 5.72763909830365 5.76039173175597
"978" 5.21876341840625 5.15768104321016 5.00855271533828
"979" 4.6590834508997 4.53435697283941 4.64393369363409
"980" 4.45095319668367 4.42134495568566 4.43385032035325
"981" 5.86079742843932 5.54298063132647 5.58305271243566
"982" 5.45586551902895 5.41917153098724 5.35275693710514
"983" 5.30259135997227 5.12156111791128 5.18263817444026
"984" 5.10658879573064 5.07816578019423 4.92467353154847
"985" 4.93598521825247 4.75126139471267 4.73770126816284
"986" 4.46447084048685 4.48524294948825 4.35025255128047
"987" 4.82382684394602 4.72186990146107 4.75720402824658
"988" 4.78061869687143 4.84637835939369 4.79627684628387
"989" 5.28498053507423 5.36460956869758 5.42305875616125
"990" 5.10371759419691 5.13548406647143 5.00977726332365
"991" 4.53102327264099 4.38067944737884 4.32575156438762
"992" 4.65315347351759 4.67895204255771 4.6259746267813
"993" 4.49445878457942 4.35870696820816 4.1568762020535
"994" 4.54550786971083 4.55379905021263 4.41557506409571
"995" 5.15301254768752 4.91211219862772 4.99846793900455
"996" 4.45612706173939 4.57855594102056 4.5585389907552
"997" 4.8623430915117 4.88743109306209 4.88174568766196
"998" 5.42493074831238 5.12454419598445 5.22997547214863
"999" 5.44539832098304 5.44306431160388 5.44534590513352
"1000" 4.9644369037378 5.0040083372718 5.05829414262108
